1151.9,1151.9,1151.9,1151.9,1151.9,1151.9,1151.9,1151.9,1151.9,1151.9,1151.9,1151.9,1151.9,1151.9,1151.9,1151.9,1426,1426,1426,1426,1426,1426,1426,1426,1426,1426,1426,1426,1426,1426,1426,1426,1776.4,1776.4,1776.4,1776.4,1776.4,1776.4,1776.4,1776.4,1776.4,1776.4,1776.4,1776.4,1776.4,1776.4,1776.4,1776.4,2197.3,2197.3,2197.3,2197.3,2197.3,2197.3,2197.3,2197.3,2197.3,2197.3,2197.3,2197.3,2197.3,2197.3,2197.3,2197.3,2616.2,2616.2,2616.2,2616.2,2616.2,2616.2,2616.2,2616.2,2616.2,2616.2,2616.2,2616.2,2616.2,2616.2,2616.2,2616.2,2804.7,2804.7,2804.7,2804.7,2804.7,2804.7,2804.7,2804.7,2804.7,2804.7,2804.7,2804.7,2804.7,2804.7,2804.7,2804.7,2342.9,2342.9,2342.9,2342.9,2342.9,2342.9,2342.9,2342.9,2342.9,2342.9,2342.9,2342.9,2342.9,2342.9,2342.9,2342.9,943.42,943.42,943.42,943.42,943.42,943.42,943.42,943.42,943.42,943.42,943.42,943.42,943.42,943.42,943.42,943.42,-943.42,-943.42,-943.42,-943.42,-943.42,-943.42,-943.42,-943.42,-943.42,-943.42,-943.42,-943.42,-943.42,-943.42,-943.42,-943.42,-2342.9,-2342.9,-2342.9,-2342.9,-2342.9,-2342.9,-2342.9,-2342.9,-2342.9,-2342.9,-2342.9,-2342.9,-2342.9,-2342.9,-2342.9,-2342.9,-2804.7,-2804.7,-2804.7,-2804.7,-2804.7,-2804.7,-2804.7,-2804.7,-2804.7,-2804.7,-2804.7,-2804.7,-2804.7,-2804.7,-2804.7,-2804.7,-2616.2,-2616.2,-2616.2,-2616.2,-2616.2,-2616.2,-2616.2,-2616.2,-2616.2,-2616.2,-2616.2,-2616.2,-2616.2,-2616.2,-2616.2,-2616.2,-2197.3,-2197.3,-2197.3,-2197.3,-2197.3,-2197.3,-2197.3,-2197.3,-2197.3,-2197.3,-2197.3,-2197.3,-2197.3,-2197.3,-2197.3,-2197.3,-1776.4,-1776.4,-1776.4,-1776.4,-1776.4,-1776.4,-1776.4,-1776.4,-1776.4,-1776.4,-1776.4,-1776.4,-1776.4,-1776.4,-1776.4,-1776.4,-1426,-1426,-1426,-1426,-1426,-1426,-1426,-1426,-1426,-1426,-1426,-1426,-1426,-1426,-1426,-1426,-1151.9,-1151.9,-1151.9,-1151.9,-1151.9,-1151.9,-1151.9,-1151.9,-1151.9,-1151.9,-1151.9,-1151.9,-1151.9,-1151.9,-1151.9,-1151.9
1147.7,1148.1,1149,1150.3,1151.9,1153.5,1154.8,1155.7,1156,1155.7,1154.8,1153.5,1151.9,1150.3,1149,1148.1,1419.5,1420,1421.4,1423.5,1426,1428.4,1430.5,1431.9,1432.4,1431.9,1430.5,1428.4,1426,1423.5,1421.4,1420,1766.2,1767,1769.2,1772.5,1776.4,1780.3,1783.7,1785.9,1786.7,1785.9,1783.7,1780.3,1776.4,1772.5,1769.2,1767,2181,2182.2,2185.7,2191,2197.2,2203.5,2208.8,2212.4,2213.7,2212.4,2208.8,2203.5,2197.2,2191,2185.7,2182.2,2591.3,2593.2,2598.5,2606.5,2616,2625.7,2633.9,2639.4,2641.3,2639.4,2633.9,2625.7,2616,2606.5,2598.5,2593.2,2771.3,2773.8,2781,2791.7,2804.5,2817.5,2828.5,2836,2838.6,2836,2828.5,2817.5,2804.5,2791.7,2781,2773.8,2309.8,2312.3,2319.4,2330,2342.8,2355.6,2366.6,2374,2376.6,2374,2366.6,2355.6,2342.8,2330,2319.4,2312.3,928.81,929.9,933.02,937.73,943.35,949.02,953.89,957.17,958.32,957.17,953.89,949.02,943.35,937.73,933.02,929.9,-928.81,-929.9,-933.02,-937.73,-943.35,-949.02,-953.89,-957.17,-958.32,-957.17,-953.89,-949.02,-943.35,-937.73,-933.02,-929.9,-2309.8,-2312.3,-2319.4,-2330,-2342.8,-2355.6,-2366.6,-2374,-2376.6,-2374,-2366.6,-2355.6,-2342.8,-2330,-2319.4,-2312.3,-2771.3,-2773.8,-2781,-2791.7,-2804.5,-2817.5,-2828.5,-2836,-2838.6,-2836,-2828.5,-2817.5,-2804.5,-2791.7,-2781,-2773.8,-2591.3,-2593.2,-2598.5,-2606.5,-2616,-2625.7,-2633.9,-2639.4,-2641.3,-2639.4,-2633.9,-2625.7,-2616,-2606.5,-2598.5,-2593.2,-2181,-2182.2,-2185.7,-2191,-2197.2,-2203.5,-2208.8,-2212.4,-2213.7,-2212.4,-2208.8,-2203.5,-2197.2,-2191,-2185.7,-2182.2,-1766.2,-1767,-1769.2,-1772.5,-1776.4,-1780.3,-1783.7,-1785.9,-1786.7,-1785.9,-1783.7,-1780.3,-1776.4,-1772.5,-1769.2,-1767,-1419.5,-1420,-1421.4,-1423.5,-1426,-1428.4,-1430.5,-1431.9,-1432.4,-1431.9,-1430.5,-1428.4,-1426,-1423.5,-1421.4,-1420,-1147.7,-1148.1,-1149,-1150.3,-1151.9,-1153.5,-1154.8,-1155.7,-1156,-1155.7,-1154.8,-1153.5,-1151.9,-1150.3,-1149,-1148.1
1143.6,1144.2,1146,1148.7,1151.8,1155,1157.7,1159.6,1160.2,1159.6,1157.7,1155,1151.8,1148.7,1146,1144.2,1413.1,1414.1,1416.8,1421,1425.9,1430.8,1435.1,1437.9,1438.9,1437.9,1435.1,1430.8,1425.9,1421,1416.8,1414.1,1756.1,1757.6,1761.9,1768.5,1776.3,1784.1,1790.9,1795.4,1797,1795.4,1790.9,1784.1,1776.3,1768.5,1761.9,1757.6,2164.9,2167.3,2174.2,2184.6,2197,2209.6,2220.4,2227.6,2230.2,2227.6,2220.4,2209.6,2197,2184.6,2174.2,2167.3,2566.8,2570.4,2580.9,2596.7,2615.7,2635,2651.6,2662.8,2666.8,2662.8,2651.6,2635,2615.7,2596.7,2580.9,2570.4,2738.5,2743.3,2757.3,2778.6,2804.1,2830.1,2852.5,2867.7,2873.1,2867.7,2852.5,2830.1,2804.1,2778.6,2757.3,2743.3,2277.3,2282.1,2296,2317,2342.3,2368.1,2390.5,2405.6,2411,2405.6,2390.5,2368.1,2342.3,2317,2296,2282.1,914.49,916.61,922.71,931.98,943.14,954.55,964.44,971.15,973.53,971.15,964.44,954.55,943.14,931.98,922.71,916.61,-914.49,-916.61,-922.71,-931.98,-943.14,-954.55,-964.44,-971.15,-973.53,-971.15,-964.44,-954.55,-943.14,-931.98,-922.71,-916.61,-2277.3,-2282.1,-2296,-2317,-2342.3,-2368.1,-2390.5,-2405.6,-2411,-2405.6,-2390.5,-2368.1,-2342.3,-2317,-2296,-2282.1,-2738.5,-2743.3,-2757.3,-2778.6,-2804.1,-2830.1,-2852.5,-2867.7,-2873.1,-2867.7,-2852.5,-2830.1,-2804.1,-2778.6,-2757.3,-2743.3,-2566.8,-2570.4,-2580.9,-2596.7,-2615.7,-2635,-2651.6,-2662.8,-2666.8,-2662.8,-2651.6,-2635,-2615.7,-2596.7,-2580.9,-2570.4,-2164.9,-2167.3,-2174.2,-2184.6,-2197,-2209.6,-2220.4,-2227.6,-2230.2,-2227.6,-2220.4,-2209.6,-2197,-2184.6,-2174.2,-2167.3,-1756.1,-1757.6,-1761.9,-1768.5,-1776.3,-1784.1,-1790.9,-1795.4,-1797,-1795.4,-1790.9,-1784.1,-1776.3,-1768.5,-1761.9,-1757.6,-1413.1,-1414.1,-1416.8,-1421,-1425.9,-1430.8,-1435.1,-1437.9,-1438.9,-1437.9,-1435.1,-1430.8,-1425.9,-1421,-1416.8,-1414.1,-1143.6,-1144.2,-1146,-1148.7,-1151.8,-1155,-1157.7,-1159.6,-1160.2,-1159.6,-1157.7,-1155,-1151.8,-1148.7,-1146,-1144.2
1139.5,1140.4,1143.1,1147,1151.8,1156.6,1160.7,1163.4,1164.4,1163.4,1160.7,1156.6,1151.8,1147,1143.1,1140.4,1406.8,1408.2,1412.3,1418.4,1425.8,1433.2,1439.6,1443.9,1445.4,1443.9,1439.6,1433.2,1425.8,1418.4,1412.3,1408.2,1746,1748.2,1754.7,1764.4,1776.1,1787.9,1798.1,1805,1807.4,1805,1798.1,1787.9,1776.1,1764.4,1754.7,1748.2,2148.9,2152.5,2162.7,2178.1,2196.7,2215.6,2231.9,2243,2246.9,2243,2231.9,2215.6,2196.7,2178.1,2162.7,2152.5,2542.5,2547.9,2563.3,2586.8,2615.1,2644.2,2669.4,2686.5,2692.6,2686.5,2669.4,2644.2,2615.1,2586.8,2563.3,2547.9,2706.1,2713.2,2733.8,2765.2,2803.3,2842.4,2876.5,2899.8,2908.1,2899.8,2876.5,2842.4,2803.3,2765.2,2733.8,2713.2,2245.4,2252.4,2272.7,2303.8,2341.5,2380.4,2414.4,2437.7,2446,2437.7,2414.4,2380.4,2341.5,2303.8,2272.7,2252.4,900.46,903.55,912.47,926.15,942.79,960,975.07,985.38,989.05,985.38,975.07,960,942.79,926.15,912.47,903.55,-900.46,-903.55,-912.47,-926.15,-942.79,-960,-975.07,-985.38,-989.05,-985.38,-975.07,-960,-942.79,-926.15,-912.47,-903.55,-2245.4,-2252.4,-2272.7,-2303.8,-2341.5,-2380.4,-2414.4,-2437.7,-2446,-2437.7,-2414.4,-2380.4,-2341.5,-2303.8,-2272.7,-2252.4,-2706.1,-2713.2,-2733.8,-2765.2,-2803.3,-2842.4,-2876.5,-2899.8,-2908.1,-2899.8,-2876.5,-2842.4,-2803.3,-2765.2,-2733.8,-2713.2,-2542.5,-2547.9,-2563.3,-2586.8,-2615.1,-2644.2,-2669.4,-2686.5,-2692.6,-2686.5,-2669.4,-2644.2,-2615.1,-2586.8,-2563.3,-2547.9,-2148.9,-2152.5,-2162.7,-2178.1,-2196.7,-2215.6,-2231.9,-2243,-2246.9,-2243,-2231.9,-2215.6,-2196.7,-2178.1,-2162.7,-2152.5,-1746,-1748.2,-1754.7,-1764.4,-1776.1,-1787.9,-1798.1,-1805,-1807.4,-1805,-1798.1,-1787.9,-1776.1,-1764.4,-1754.7,-1748.2,-1406.8,-1408.2,-1412.3,-1418.4,-1425.8,-1433.2,-1439.6,-1443.9,-1445.4,-1443.9,-1439.6,-1433.2,-1425.8,-1418.4,-1412.3,-1408.2,-1139.5,-1140.4,-1143.1,-1147,-1151.8,-1156.6,-1160.7,-1163.4,-1164.4,-1163.4,-1160.7,-1156.6,-1151.8,-1147,-1143.1,-1140.4
1135.4,1136.6,1140.1,1145.4,1151.7,1158.1,1163.6,1167.3,1168.6,1167.3,1163.6,1158.1,1151.7,1145.4,1140.1,1136.6,1400.4,1402.3,1407.7,1415.9,1425.6,1435.6,1444.1,1449.9,1452,1449.9,1444.1,1435.6,1425.6,1415.9,1407.7,1402.3,1736,1738.9,1747.4,1760.3,1775.8,1791.7,1805.3,1814.6,1817.9,1814.6,1805.3,1791.7,1775.8,1760.3,1747.4,1738.9,2133.1,2137.8,2151.1,2171.5,2196.2,2221.5,2243.5,2258.5,2263.8,2258.5,2243.5,2221.5,2196.2,2171.5,2151.1,2137.8,2518.5,2525.6,2545.8,2576.7,2614.4,2653.2,2687.2,2710.4,2718.7,2710.4,2687.2,2653.2,2614.4,2576.7,2545.8,2525.6,2674.2,2683.5,2710.4,2751.7,2802.1,2854.6,2900.7,2932.3,2943.6,2932.3,2900.7,2854.6,2802.1,2751.7,2710.4,2683.5,2214.1,2223.2,2249.6,2290.4,2340.3,2392.5,2438.6,2470.3,2481.7,2470.3,2438.6,2392.5,2340.3,2290.4,2249.6,2223.2,886.71,890.71,902.32,920.25,942.3,965.37,985.78,999.86,1004.9,999.86,985.78,965.37,942.3,920.25,902.32,890.71,-886.71,-890.71,-902.32,-920.25,-942.3,-965.37,-985.78,-999.86,-1004.9,-999.86,-985.78,-965.37,-942.3,-920.25,-902.32,-890.71,-2214.1,-2223.2,-2249.6,-2290.4,-2340.3,-2392.5,-2438.6,-2470.3,-2481.7,-2470.3,-2438.6,-2392.5,-2340.3,-2290.4,-2249.6,-2223.2,-2674.2,-2683.5,-2710.4,-2751.7,-2802.1,-2854.6,-2900.7,-2932.3,-2943.6,-2932.3,-2900.7,-2854.6,-2802.1,-2751.7,-2710.4,-2683.5,-2518.5,-2525.6,-2545.8,-2576.7,-2614.4,-2653.2,-2687.2,-2710.4,-2718.7,-2710.4,-2687.2,-2653.2,-2614.4,-2576.7,-2545.8,-2525.6,-2133.1,-2137.8,-2151.1,-2171.5,-2196.2,-2221.5,-2243.5,-2258.5,-2263.8,-2258.5,-2243.5,-2221.5,-2196.2,-2171.5,-2151.1,-2137.8,-1736,-1738.9,-1747.4,-1760.3,-1775.8,-1791.7,-1805.3,-1814.6,-1817.9,-1814.6,-1805.3,-1791.7,-1775.8,-1760.3,-1747.4,-1738.9,-1400.4,-1402.3,-1407.7,-1415.9,-1425.6,-1435.6,-1444.1,-1449.9,-1452,-1449.9,-1444.1,-1435.6,-1425.6,-1415.9,-1407.7,-1402.3,-1135.4,-1136.6,-1140.1,-1145.4,-1151.7,-1158.1,-1163.6,-1167.3,-1168.6,-1167.3,-1163.6,-1158.1,-1151.7,-1145.4,-1140.1,-1136.6
1131.3,1132.8,1137.2,1143.7,1151.6,1159.6,1166.5,1171.1,1172.8,1171.1,1166.5,1159.6,1151.6,1143.7,1137.2,1132.8,1394.1,1396.4,1403.1,1413.2,1425.4,1437.9,1448.7,1456,1458.6,1456,1448.7,1437.9,1425.4,1413.2,1403.1,1396.4,1726,1729.7,1740.2,1756.2,1775.5,1795.3,1812.6,1824.3,1828.5,1824.3,1812.6,1795.3,1775.5,1756.2,1740.2,1729.7,2117.4,2123.2,2139.6,2164.9,2195.6,2227.3,2255,2274,2280.8,2274,2255,2227.3,2195.6,2164.9,2139.6,2123.2,2494.9,2503.5,2528.3,2566.5,2613.3,2662.1,2705,2734.5,2745.1,2734.5,2705,2662.1,2613.3,2566.5,2528.3,2503.5,2642.8,2654.2,2687.1,2738,2800.7,2866.5,2924.9,2965.3,2979.7,2965.3,2924.9,2866.5,2800.7,2738,2687.1,2654.2,2183.3,2194.4,2226.7,2276.8,2338.9,2404.4,2462.8,2503.4,2518,2503.4,2462.8,2404.4,2338.9,2276.8,2226.7,2194.4,873.22,878.09,892.25,914.29,941.67,970.65,996.56,1014.6,1021.1,1014.6,996.56,970.65,941.67,914.29,892.25,878.09,-873.22,-878.09,-892.25,-914.29,-941.67,-970.65,-996.56,-1014.6,-1021.1,-1014.6,-996.56,-970.65,-941.67,-914.29,-892.25,-878.09,-2183.3,-2194.4,-2226.7,-2276.8,-2338.9,-2404.4,-2462.8,-2503.4,-2518,-2503.4,-2462.8,-2404.4,-2338.9,-2276.8,-2226.7,-2194.4,-2642.8,-2654.2,-2687.1,-2738,-2800.7,-2866.5,-2924.9,-2965.3,-2979.7,-2965.3,-2924.9,-2866.5,-2800.7,-2738,-2687.1,-2654.2,-2494.9,-2503.5,-2528.3,-2566.5,-2613.3,-2662.1,-2705,-2734.5,-2745.1,-2734.5,-2705,-2662.1,-2613.3,-2566.5,-2528.3,-2503.5,-2117.4,-2123.2,-2139.6,-2164.9,-2195.6,-2227.3,-2255,-2274,-2280.8,-2274,-2255,-2227.3,-2195.6,-2164.9,-2139.6,-2123.2,-1726,-1729.7,-1740.2,-1756.2,-1775.5,-1795.3,-1812.6,-1824.3,-1828.5,-1824.3,-1812.6,-1795.3,-1775.5,-1756.2,-1740.2,-1729.7,-1394.1,-1396.4,-1403.1,-1413.2,-1425.4,-1437.9,-1448.7,-1456,-1458.6,-1456,-1448.7,-1437.9,-1425.4,-1413.2,-1403.1,-1396.4,-1131.3,-1132.8,-1137.2,-1143.7,-1151.6,-1159.6,-1166.5,-1171.1,-1172.8,-1171.1,-1166.5,-1159.6,-1151.6,-1143.7,-1137.2,-1132.8
1127.2,1129,1134.2,1142,1151.4,1161.1,1169.4,1175,1177,1175,1169.4,1161.1,1151.4,1142,1134.2,1129,1387.8,1390.6,1398.5,1410.6,1425.2,1440.2,1453.2,1462,1465.2,1462,1453.2,1440.2,1425.2,1410.6,1398.5,1390.6,1716.1,1720.5,1732.9,1751.9,1775.1,1798.9,1819.8,1834,1839.1,1834,1819.8,1798.9,1775.1,1751.9,1732.9,1720.5,2101.9,2108.6,2128.2,2158.2,2194.9,2233,2266.6,2289.7,2297.9,2289.7,2266.6,2233,2194.9,2158.2,2128.2,2108.6,2471.5,2481.6,2510.9,2556.2,2612.1,2670.8,2722.9,2758.9,2771.8,2758.9,2722.9,2670.8,2612.1,2556.2,2510.9,2481.6,2611.9,2625.2,2663.9,2724.1,2798.9,2878.2,2949.2,2998.6,3016.4,2998.6,2949.2,2878.2,2798.9,2724.1,2663.9,2625.2,2153.1,2166.1,2203.9,2263.1,2337.1,2416.1,2487.2,2537.1,2555,2537.1,2487.2,2416.1,2337.1,2263.1,2203.9,2166.1,860.01,865.68,882.26,908.26,940.91,975.85,1007.4,1029.6,1037.6,1029.6,1007.4,975.85,940.91,908.26,882.26,865.68,-860.01,-865.68,-882.26,-908.26,-940.91,-975.85,-1007.4,-1029.6,-1037.6,-1029.6,-1007.4,-975.85,-940.91,-908.26,-882.26,-865.68,-2153.1,-2166.1,-2203.9,-2263.1,-2337.1,-2416.1,-2487.2,-2537.1,-2555,-2537.1,-2487.2,-2416.1,-2337.1,-2263.1,-2203.9,-2166.1,-2611.9,-2625.2,-2663.9,-2724.1,-2798.9,-2878.2,-2949.2,-2998.6,-3016.4,-2998.6,-2949.2,-2878.2,-2798.9,-2724.1,-2663.9,-2625.2,-2471.5,-2481.6,-2510.9,-2556.2,-2612.1,-2670.8,-2722.9,-2758.9,-2771.8,-2758.9,-2722.9,-2670.8,-2612.1,-2556.2,-2510.9,-2481.6,-2101.9,-2108.6,-2128.2,-2158.2,-2194.9,-2233,-2266.6,-2289.7,-2297.9,-2289.7,-2266.6,-2233,-2194.9,-2158.2,-2128.2,-2108.6,-1716.1,-1720.5,-1732.9,-1751.9,-1775.1,-1798.9,-1819.8,-1834,-1839.1,-1834,-1819.8,-1798.9,-1775.1,-1751.9,-1732.9,-1720.5,-1387.8,-1390.6,-1398.5,-1410.6,-1425.2,-1440.2,-1453.2,-1462,-1465.2,-1462,-1453.2,-1440.2,-1425.2,-1410.6,-1398.5,-1390.6,-1127.2,-1129,-1134.2,-1142,-1151.4,-1161.1,-1169.4,-1175,-1177,-1175,-1169.4,-1161.1,-1151.4,-1142,-1134.2,-1129
1123.2,1125.3,1131.2,1140.3,1151.3,1162.5,1172.2,1178.9,1181.2,1178.9,1172.2,1162.5,1151.3,1140.3,1131.2,1125.3,1381.6,1384.7,1393.9,1407.9,1424.9,1442.4,1457.7,1468.1,1471.8,1468.1,1457.7,1442.4,1424.9,1407.9,1393.9,1384.7,1706.3,1711.3,1725.6,1747.7,1774.6,1802.5,1827,1843.8,1849.8,1843.8,1827,1802.5,1774.6,1747.7,1725.6,1711.3,2086.5,2094.2,2116.7,2151.3,2194,2238.6,2278.2,2305.5,2315.3,2305.5,2278.2,2238.6,2194,2151.3,2116.7,2094.2,2448.4,2459.9,2493.5,2545.8,2610.7,2679.3,2740.7,2783.5,2798.9,2783.5,2740.7,2679.3,2610.7,2545.8,2493.5,2459.9,2581.5,2596.6,2640.8,2710.1,2796.8,2889.7,2973.5,3032.4,3053.7,3032.4,2973.5,2889.7,2796.8,2710.1,2640.8,2596.6,2123.5,2138.2,2181.3,2249.2,2335,2427.6,2511.8,2571.2,2592.7,2571.2,2511.8,2427.6,2335,2249.2,2181.3,2138.2,847.05,853.48,872.35,902.18,940,980.95,1018.4,1044.8,1054.4,1044.8,1018.4,980.95,940,902.18,872.35,853.48,-847.05,-853.48,-872.35,-902.18,-940,-980.95,-1018.4,-1044.8,-1054.4,-1044.8,-1018.4,-980.95,-940,-902.18,-872.35,-853.48,-2123.5,-2138.2,-2181.3,-2249.2,-2335,-2427.6,-2511.8,-2571.2,-2592.7,-2571.2,-2511.8,-2427.6,-2335,-2249.2,-2181.3,-2138.2,-2581.5,-2596.6,-2640.8,-2710.1,-2796.8,-2889.7,-2973.5,-3032.4,-3053.7,-3032.4,-2973.5,-2889.7,-2796.8,-2710.1,-2640.8,-2596.6,-2448.4,-2459.9,-2493.5,-2545.8,-2610.7,-2679.3,-2740.7,-2783.5,-2798.9,-2783.5,-2740.7,-2679.3,-2610.7,-2545.8,-2493.5,-2459.9,-2086.5,-2094.2,-2116.7,-2151.3,-2194,-2238.6,-2278.2,-2305.5,-2315.3,-2305.5,-2278.2,-2238.6,-2194,-2151.3,-2116.7,-2094.2,-1706.3,-1711.3,-1725.6,-1747.7,-1774.6,-1802.5,-1827,-1843.8,-1849.8,-1843.8,-1827,-1802.5,-1774.6,-1747.7,-1725.6,-1711.3,-1381.6,-1384.7,-1393.9,-1407.9,-1424.9,-1442.4,-1457.7,-1468.1,-1471.8,-1468.1,-1457.7,-1442.4,-1424.9,-1407.9,-1393.9,-1384.7,-1123.2,-1125.3,-1131.2,-1140.3,-1151.3,-1162.5,-1172.2,-1178.9,-1181.2,-1178.9,-1172.2,-1162.5,-1151.3,-1140.3,-1131.2,-1125.3
1119.1,1121.5,1128.3,1138.6,1151.1,1163.9,1175.1,1182.7,1185.5,1182.7,1175.1,1163.9,1151.1,1138.6,1128.3,1121.5,1375.3,1378.9,1389.3,1405.2,1424.6,1444.7,1462.2,1474.2,1478.5,1474.2,1462.2,1444.7,1424.6,1405.2,1389.3,1378.9,1696.6,1702.2,1718.4,1743.4,1774,1806,1834.2,1853.6,1860.5,1853.6,1834.2,1806,1774,1743.4,1718.4,1702.2,2071.2,2079.9,2105.2,2144.5,2193,2244.1,2289.7,2321.4,2332.7,2321.4,2289.7,2244.1,2193,2144.5,2105.2,2079.9,2425.5,2438.5,2476.2,2535.2,2609,2687.7,2758.6,2808.4,2826.3,2808.4,2758.6,2687.7,2609,2535.2,2476.2,2438.5,2551.5,2568.4,2617.9,2695.9,2794.4,2900.9,2998,3066.7,3091.5,3066.7,2998,2900.9,2794.4,2695.9,2617.9,2568.4,2094.4,2110.7,2158.9,2235.2,2332.6,2438.8,2536.4,2605.9,2631.2,2605.9,2536.4,2438.8,2332.6,2235.2,2158.9,2110.7,834.34,841.49,862.53,896.03,938.96,985.96,1029.4,1060.3,1071.6,1060.3,1029.4,985.96,938.96,896.03,862.53,841.49,-834.34,-841.49,-862.53,-896.03,-938.96,-985.96,-1029.4,-1060.3,-1071.6,-1060.3,-1029.4,-985.96,-938.96,-896.03,-862.53,-841.49,-2094.4,-2110.7,-2158.9,-2235.2,-2332.6,-2438.8,-2536.4,-2605.9,-2631.2,-2605.9,-2536.4,-2438.8,-2332.6,-2235.2,-2158.9,-2110.7,-2551.5,-2568.4,-2617.9,-2695.9,-2794.4,-2900.9,-2998,-3066.7,-3091.5,-3066.7,-2998,-2900.9,-2794.4,-2695.9,-2617.9,-2568.4,-2425.5,-2438.5,-2476.2,-2535.2,-2609,-2687.7,-2758.6,-2808.4,-2826.3,-2808.4,-2758.6,-2687.7,-2609,-2535.2,-2476.2,-2438.5,-2071.2,-2079.9,-2105.2,-2144.5,-2193,-2244.1,-2289.7,-2321.4,-2332.7,-2321.4,-2289.7,-2244.1,-2193,-2144.5,-2105.2,-2079.9,-1696.6,-1702.2,-1718.4,-1743.4,-1774,-1806,-1834.2,-1853.6,-1860.5,-1853.6,-1834.2,-1806,-1774,-1743.4,-1718.4,-1702.2,-1375.3,-1378.9,-1389.3,-1405.2,-1424.6,-1444.7,-1462.2,-1474.2,-1478.5,-1474.2,-1462.2,-1444.7,-1424.6,-1405.2,-1389.3,-1378.9,-1119.1,-1121.5,-1128.3,-1138.6,-1151.1,-1163.9,-1175.1,-1182.7,-1185.5,-1182.7,-1175.1,-1163.9,-1151.1,-1138.6,-1128.3,-1121.5
1115.1,1117.7,1125.3,1136.8,1150.9,1165.4,1178,1186.6,1189.7,1186.6,1178,1165.4,1150.9,1136.8,1125.3,1117.7,1369.1,1373.1,1384.7,1402.5,1424.2,1446.8,1466.7,1480.3,1485.2,1480.3,1466.7,1446.8,1424.2,1402.5,1384.7,1373.1,1686.9,1693.1,1711.1,1739,1773.4,1809.4,1841.3,1863.4,1871.3,1863.4,1841.3,1809.4,1773.4,1739,1711.1,1693.1,2056.1,2065.7,2093.8,2137.5,2191.8,2249.5,2301.3,2337.4,2350.4,2337.4,2301.3,2249.5,2191.8,2137.5,2093.8,2065.7,2402.9,2417.2,2458.9,2524.5,2607.1,2695.9,2776.6,2833.5,2854.1,2833.5,2776.6,2695.9,2607.1,2524.5,2458.9,2417.2,2522,2540.6,2595.1,2681.5,2791.7,2911.9,3022.5,3101.3,3130,3101.3,3022.5,2911.9,2791.7,2681.5,2595.1,2540.6,2065.7,2083.7,2136.6,2221.1,2329.9,2449.8,2561.2,2641.2,2670.4,2641.2,2561.2,2449.8,2329.9,2221.1,2136.6,2083.7,821.88,829.7,852.79,889.83,937.77,990.88,1040.4,1076.1,1089.1,1076.1,1040.4,990.88,937.77,889.83,852.79,829.7,-821.88,-829.7,-852.79,-889.83,-937.77,-990.88,-1040.4,-1076.1,-1089.1,-1076.1,-1040.4,-990.88,-937.77,-889.83,-852.79,-829.7,-2065.7,-2083.7,-2136.6,-2221.1,-2329.9,-2449.8,-2561.2,-2641.2,-2670.4,-2641.2,-2561.2,-2449.8,-2329.9,-2221.1,-2136.6,-2083.7,-2522,-2540.6,-2595.1,-2681.5,-2791.7,-2911.9,-3022.5,-3101.3,-3130,-3101.3,-3022.5,-2911.9,-2791.7,-2681.5,-2595.1,-2540.6,-2402.9,-2417.2,-2458.9,-2524.5,-2607.1,-2695.9,-2776.6,-2833.5,-2854.1,-2833.5,-2776.6,-2695.9,-2607.1,-2524.5,-2458.9,-2417.2,-2056.1,-2065.7,-2093.8,-2137.5,-2191.8,-2249.5,-2301.3,-2337.4,-2350.4,-2337.4,-2301.3,-2249.5,-2191.8,-2137.5,-2093.8,-2065.7,-1686.9,-1693.1,-1711.1,-1739,-1773.4,-1809.4,-1841.3,-1863.4,-1871.3,-1863.4,-1841.3,-1809.4,-1773.4,-1739,-1711.1,-1693.1,-1369.1,-1373.1,-1384.7,-1402.5,-1424.2,-1446.8,-1466.7,-1480.3,-1485.2,-1480.3,-1466.7,-1446.8,-1424.2,-1402.5,-1384.7,-1373.1,-1115.1,-1117.7,-1125.3,-1136.8,-1150.9,-1165.4,-1178,-1186.6,-1189.7,-1186.6,-1178,-1165.4,-1150.9,-1136.8,-1125.3,-1117.7
1111.1,1114,1122.3,1135.1,1150.6,1166.8,1180.9,1190.5,1194,1190.5,1180.9,1166.8,1150.6,1135.1,1122.3,1114,1363,1367.4,1380.1,1399.8,1423.8,1449,1471.2,1486.4,1491.9,1486.4,1471.2,1449,1423.8,1399.8,1380.1,1367.4,1677.2,1684.1,1703.9,1734.6,1772.7,1812.8,1848.5,1873.3,1882.2,1873.3,1848.5,1812.8,1772.7,1734.6,1703.9,1684.1,2041.1,2051.6,2082.4,2130.4,2190.6,2254.8,2312.8,2353.5,2368.2,2353.5,2312.8,2254.8,2190.6,2130.4,2082.4,2051.6,2380.7,2396.2,2441.7,2513.7,2604.9,2703.9,2794.5,2858.8,2882.2,2858.8,2794.5,2703.9,2604.9,2513.7,2441.7,2396.2,2492.9,2513.1,2572.4,2667,2788.7,2922.6,3047.1,3136.5,3169.1,3136.5,3047.1,2922.6,2788.7,2667,2572.4,2513.1,2037.7,2057.1,2114.4,2206.8,2326.8,2460.6,2586.1,2677,2710.3,2677,2586.1,2460.6,2326.8,2206.8,2114.4,2057.1,809.67,818.1,843.13,883.57,936.45,995.7,1051.6,1092.2,1107.1,1092.2,1051.6,995.7,936.45,883.57,843.13,818.1,-809.67,-818.1,-843.13,-883.57,-936.45,-995.7,-1051.6,-1092.2,-1107.1,-1092.2,-1051.6,-995.7,-936.45,-883.57,-843.13,-818.1,-2037.7,-2057.1,-2114.4,-2206.8,-2326.8,-2460.6,-2586.1,-2677,-2710.3,-2677,-2586.1,-2460.6,-2326.8,-2206.8,-2114.4,-2057.1,-2492.9,-2513.1,-2572.4,-2667,-2788.7,-2922.6,-3047.1,-3136.5,-3169.1,-3136.5,-3047.1,-2922.6,-2788.7,-2667,-2572.4,-2513.1,-2380.7,-2396.2,-2441.7,-2513.7,-2604.9,-2703.9,-2794.5,-2858.8,-2882.2,-2858.8,-2794.5,-2703.9,-2604.9,-2513.7,-2441.7,-2396.2,-2041.1,-2051.6,-2082.4,-2130.4,-2190.6,-2254.8,-2312.8,-2353.5,-2368.2,-2353.5,-2312.8,-2254.8,-2190.6,-2130.4,-2082.4,-2051.6,-1677.2,-1684.1,-1703.9,-1734.6,-1772.7,-1812.8,-1848.5,-1873.3,-1882.2,-1873.3,-1848.5,-1812.8,-1772.7,-1734.6,-1703.9,-1684.1,-1363,-1367.4,-1380.1,-1399.8,-1423.8,-1449,-1471.2,-1486.4,-1491.9,-1486.4,-1471.2,-1449,-1423.8,-1399.8,-1380.1,-1367.4,-1111.1,-1114,-1122.3,-1135.1,-1150.6,-1166.8,-1180.9,-1190.5,-1194,-1190.5,-1180.9,-1166.8,-1150.6,-1135.1,-1122.3,-1114
1107,1110.2,1119.3,1133.3,1150.4,1168.1,1183.7,1194.4,1198.2,1194.4,1183.7,1168.1,1150.4,1133.3,1119.3,1110.2,1356.8,1361.6,1375.5,1397,1423.4,1451.1,1475.6,1492.6,1498.7,1492.6,1475.6,1451.1,1423.4,1397,1375.5,1361.6,1667.7,1675.1,1696.6,1730.2,1771.9,1816.1,1855.6,1883.3,1893.2,1883.3,1855.6,1816.1,1771.9,1730.2,1696.6,1675.1,2026.3,2037.7,2071,2123.3,2189.2,2260,2324.3,2369.7,2386.1,2369.7,2324.3,2260,2189.2,2123.3,2071,2037.7,2358.6,2375.4,2424.6,2502.7,2602.6,2711.7,2812.4,2884.4,2910.6,2884.4,2812.4,2711.7,2602.6,2502.7,2424.6,2375.4,2464.3,2485.9,2549.8,2652.4,2785.3,2933.1,3071.8,3172,3208.8,3172,3071.8,2933.1,2785.3,2652.4,2549.8,2485.9,2010.1,2030.8,2092.5,2192.4,2323.5,2471.1,2611.2,2713.4,2751,2713.4,2611.2,2471.1,2323.5,2192.4,2092.5,2030.8,797.69,806.71,833.56,877.27,934.99,1000.4,1062.8,1108.5,1125.4,1108.5,1062.8,1000.4,934.99,877.27,833.56,806.71,-797.69,-806.71,-833.56,-877.27,-934.99,-1000.4,-1062.8,-1108.5,-1125.4,-1108.5,-1062.8,-1000.4,-934.99,-877.27,-833.56,-806.71,-2010.1,-2030.8,-2092.5,-2192.4,-2323.5,-2471.1,-2611.2,-2713.4,-2751,-2713.4,-2611.2,-2471.1,-2323.5,-2192.4,-2092.5,-2030.8,-2464.3,-2485.9,-2549.8,-2652.4,-2785.3,-2933.1,-3071.8,-3172,-3208.8,-3172,-3071.8,-2933.1,-2785.3,-2652.4,-2549.8,-2485.9,-2358.6,-2375.4,-2424.6,-2502.7,-2602.6,-2711.7,-2812.4,-2884.4,-2910.6,-2884.4,-2812.4,-2711.7,-2602.6,-2502.7,-2424.6,-2375.4,-2026.3,-2037.7,-2071,-2123.3,-2189.2,-2260,-2324.3,-2369.7,-2386.1,-2369.7,-2324.3,-2260,-2189.2,-2123.3,-2071,-2037.7,-1667.7,-1675.1,-1696.6,-1730.2,-1771.9,-1816.1,-1855.6,-1883.3,-1893.2,-1883.3,-1855.6,-1816.1,-1771.9,-1730.2,-1696.6,-1675.1,-1356.8,-1361.6,-1375.5,-1397,-1423.4,-1451.1,-1475.6,-1492.6,-1498.7,-1492.6,-1475.6,-1451.1,-1423.4,-1397,-1375.5,-1361.6,-1107,-1110.2,-1119.3,-1133.3,-1150.4,-1168.1,-1183.7,-1194.4,-1198.2,-1194.4,-1183.7,-1168.1,-1150.4,-1133.3,-1119.3,-1110.2
1103,1106.5,1116.3,1131.5,1150.1,1169.5,1186.6,1198.3,1202.5,1198.3,1186.6,1169.5,1150.1,1131.5,1116.3,1106.5,1350.7,1355.9,1370.9,1394.2,1422.9,1453.2,1480.1,1498.7,1505.4,1498.7,1480.1,1453.2,1422.9,1394.2,1370.9,1355.9,1658.2,1666.1,1689.4,1725.7,1771,1819.3,1862.8,1893.2,1904.2,1893.2,1862.8,1819.3,1771,1725.7,1689.4,1666.1,2011.5,2023.8,2059.6,2116.1,2187.7,2265.1,2335.9,2386,2404.2,2386,2335.9,2265.1,2187.7,2116.1,2059.6,2023.8,2336.8,2354.8,2407.5,2491.7,2600,2719.4,2830.4,2910.2,2939.4,2910.2,2830.4,2719.4,2600,2491.7,2407.5,2354.8,2436.1,2459.1,2527.4,2637.6,2781.6,2943.4,3096.5,3208.1,3249.2,3208.1,3096.5,2943.4,2781.6,2637.6,2527.4,2459.1,1983,2005,2070.7,2177.9,2319.8,2481.4,2636.3,2750.3,2792.5,2750.3,2636.3,2481.4,2319.8,2177.9,2070.7,2005,785.94,795.5,824.07,870.91,933.38,1005,1074.1,1125.1,1144,1125.1,1074.1,1005,933.38,870.91,824.07,795.5,-785.94,-795.5,-824.07,-870.91,-933.38,-1005,-1074.1,-1125.1,-1144,-1125.1,-1074.1,-1005,-933.38,-870.91,-824.07,-795.5,-1983,-2005,-2070.7,-2177.9,-2319.8,-2481.4,-2636.3,-2750.3,-2792.5,-2750.3,-2636.3,-2481.4,-2319.8,-2177.9,-2070.7,-2005,-2436.1,-2459.1,-2527.4,-2637.6,-2781.6,-2943.4,-3096.5,-3208.1,-3249.2,-3208.1,-3096.5,-2943.4,-2781.6,-2637.6,-2527.4,-2459.1,-2336.8,-2354.8,-2407.5,-2491.7,-2600,-2719.4,-2830.4,-2910.2,-2939.4,-2910.2,-2830.4,-2719.4,-2600,-2491.7,-2407.5,-2354.8,-2011.5,-2023.8,-2059.6,-2116.1,-2187.7,-2265.1,-2335.9,-2386,-2404.2,-2386,-2335.9,-2265.1,-2187.7,-2116.1,-2059.6,-2023.8,-1658.2,-1666.1,-1689.4,-1725.7,-1771,-1819.3,-1862.8,-1893.2,-1904.2,-1893.2,-1862.8,-1819.3,-1771,-1725.7,-1689.4,-1666.1,-1350.7,-1355.9,-1370.9,-1394.2,-1422.9,-1453.2,-1480.1,-1498.7,-1505.4,-1498.7,-1480.1,-1453.2,-1422.9,-1394.2,-1370.9,-1355.9,-1103,-1106.5,-1116.3,-1131.5,-1150.1,-1169.5,-1186.6,-1198.3,-1202.5,-1198.3,-1186.6,-1169.5,-1150.1,-1131.5,-1116.3,-1106.5
1099.1,1102.7,1113.3,1129.7,1149.8,1170.8,1189.4,1202.2,1206.8,1202.2,1189.4,1170.8,1149.8,1129.7,1113.3,1102.7,1344.6,1350.1,1366.3,1391.3,1422.4,1455.2,1484.5,1504.9,1512.3,1504.9,1484.5,1455.2,1422.4,1391.3,1366.3,1350.1,1648.7,1657.2,1682.1,1721.1,1770.1,1822.5,1869.9,1903.3,1915.3,1903.3,1869.9,1822.5,1770.1,1721.1,1682.1,1657.2,1996.9,2010,2048.2,2108.8,2186,2270,2347.4,2402.5,2422.5,2402.5,2347.4,2270,2186,2108.8,2048.2,2010,2315.3,2334.3,2390.5,2480.6,2597.2,2726.8,2848.4,2936.3,2968.6,2936.3,2848.4,2726.8,2597.2,2480.6,2390.5,2334.3,2408.3,2432.7,2505.1,2622.7,2777.7,2953.3,3121.2,3244.6,3290.2,3244.6,3121.2,2953.3,2777.7,2622.7,2505.1,2432.7,1956.3,1979.6,2049.1,2163.2,2315.8,2491.4,2661.6,2787.9,2834.8,2787.9,2661.6,2491.4,2315.8,2163.2,2049.1,1979.6,774.42,784.48,814.66,864.5,931.64,1009.5,1085.5,1142,1163.1,1142,1085.5,1009.5,931.64,864.5,814.66,784.48,-774.42,-784.48,-814.66,-864.5,-931.64,-1009.5,-1085.5,-1142,-1163.1,-1142,-1085.5,-1009.5,-931.64,-864.5,-814.66,-784.48,-1956.3,-1979.6,-2049.1,-2163.2,-2315.8,-2491.4,-2661.6,-2787.9,-2834.8,-2787.9,-2661.6,-2491.4,-2315.8,-2163.2,-2049.1,-1979.6,-2408.3,-2432.7,-2505.1,-2622.7,-2777.7,-2953.3,-3121.2,-3244.6,-3290.2,-3244.6,-3121.2,-2953.3,-2777.7,-2622.7,-2505.1,-2432.7,-2315.3,-2334.3,-2390.5,-2480.6,-2597.2,-2726.8,-2848.4,-2936.3,-2968.6,-2936.3,-2848.4,-2726.8,-2597.2,-2480.6,-2390.5,-2334.3,-1996.9,-2010,-2048.2,-2108.8,-2186,-2270,-2347.4,-2402.5,-2422.5,-2402.5,-2347.4,-2270,-2186,-2108.8,-2048.2,-2010,-1648.7,-1657.2,-1682.1,-1721.1,-1770.1,-1822.5,-1869.9,-1903.3,-1915.3,-1903.3,-1869.9,-1822.5,-1770.1,-1721.1,-1682.1,-1657.2,-1344.6,-1350.1,-1366.3,-1391.3,-1422.4,-1455.2,-1484.5,-1504.9,-1512.3,-1504.9,-1484.5,-1455.2,-1422.4,-1391.3,-1366.3,-1350.1,-1099.1,-1102.7,-1113.3,-1129.7,-1149.8,-1170.8,-1189.4,-1202.2,-1206.8,-1202.2,-1189.4,-1170.8,-1149.8,-1129.7,-1113.3,-1102.7
1095.1,1099,1110.3,1127.9,1149.5,1172.1,1192.2,1206.2,1211.1,1206.2,1192.2,1172.1,1149.5,1127.9,1110.3,1099,1338.5,1344.4,1361.7,1388.5,1421.8,1457.2,1488.9,1511.1,1519.1,1511.1,1488.9,1457.2,1421.8,1388.5,1361.7,1344.4,1639.3,1648.4,1674.9,1716.5,1769.1,1825.6,1877,1913.3,1926.5,1913.3,1877,1825.6,1769.1,1716.5,1674.9,1648.4,1982.5,1996.3,2036.9,2101.5,2184.2,2274.9,2358.9,2419,2441,2419,2358.9,2274.9,2184.2,2101.5,2036.9,1996.3,2294.1,2314.1,2373.6,2469.3,2594.2,2734.1,2866.3,2962.7,2998.1,2962.7,2866.3,2734.1,2594.2,2469.3,2373.6,2314.1,2381,2406.6,2482.9,2607.6,2773.4,2963,3146.1,3281.6,3331.9,3281.6,3146.1,2963,2773.4,2607.6,2482.9,2406.6,1930.2,1954.6,2027.7,2148.5,2311.5,2501.1,2687,2826,2877.9,2826,2687,2501.1,2311.5,2148.5,2027.7,1954.6,763.12,773.65,805.34,858.05,929.77,1013.9,1096.9,1159.3,1182.6,1159.3,1096.9,1013.9,929.77,858.05,805.34,773.65,-763.12,-773.65,-805.34,-858.05,-929.77,-1013.9,-1096.9,-1159.3,-1182.6,-1159.3,-1096.9,-1013.9,-929.77,-858.05,-805.34,-773.65,-1930.2,-1954.6,-2027.7,-2148.5,-2311.5,-2501.1,-2687,-2826,-2877.9,-2826,-2687,-2501.1,-2311.5,-2148.5,-2027.7,-1954.6,-2381,-2406.6,-2482.9,-2607.6,-2773.4,-2963,-3146.1,-3281.6,-3331.9,-3281.6,-3146.1,-2963,-2773.4,-2607.6,-2482.9,-2406.6,-2294.1,-2314.1,-2373.6,-2469.3,-2594.2,-2734.1,-2866.3,-2962.7,-2998.1,-2962.7,-2866.3,-2734.1,-2594.2,-2469.3,-2373.6,-2314.1,-1982.5,-1996.3,-2036.9,-2101.5,-2184.2,-2274.9,-2358.9,-2419,-2441,-2419,-2358.9,-2274.9,-2184.2,-2101.5,-2036.9,-1996.3,-1639.3,-1648.4,-1674.9,-1716.5,-1769.1,-1825.6,-1877,-1913.3,-1926.5,-1913.3,-1877,-1825.6,-1769.1,-1716.5,-1674.9,-1648.4,-1338.5,-1344.4,-1361.7,-1388.5,-1421.8,-1457.2,-1488.9,-1511.1,-1519.1,-1511.1,-1488.9,-1457.2,-1421.8,-1388.5,-1361.7,-1344.4,-1095.1,-1099,-1110.3,-1127.9,-1149.5,-1172.1,-1192.2,-1206.2,-1211.1,-1206.2,-1192.2,-1172.1,-1149.5,-1127.9,-1110.3,-1099
1091.1,1095.3,1107.3,1126,1149.1,1173.4,1195.1,1210.1,1215.5,1210.1,1195.1,1173.4,1149.1,1126,1107.3,1095.3,1332.5,1338.8,1357,1385.6,1421.2,1459.2,1493.4,1517.3,1526,1517.3,1493.4,1459.2,1421.2,1385.6,1357,1338.8,1630,1639.6,1667.6,1711.9,1768,1828.6,1884.1,1923.5,1937.7,1923.5,1884.1,1828.6,1768,1711.9,1667.6,1639.6,1968.1,1982.7,2025.6,2094.1,2182.3,2279.6,2370.3,2435.7,2459.6,2435.7,2370.3,2279.6,2182.3,2094.1,2025.6,1982.7,2273.1,2294.1,2356.7,2458,2591,2741.1,2884.3,2989.2,3028,2989.2,2884.3,2741.1,2591,2458,2356.7,2294.1,2354,2380.8,2460.9,2592.5,2768.7,2972.4,3170.9,3319,3374.3,3319,3170.9,2972.4,2768.7,2592.5,2460.9,2380.8,1904.5,1929.9,2006.4,2133.6,2306.8,2510.6,2712.4,2864.7,2921.9,2864.7,2712.4,2510.6,2306.8,2133.6,2006.4,1929.9,752.04,763,796.11,851.55,927.75,1018.2,1108.4,1176.8,1202.4,1176.8,1108.4,1018.2,927.75,851.55,796.11,763,-752.04,-763,-796.11,-851.55,-927.75,-1018.2,-1108.4,-1176.8,-1202.4,-1176.8,-1108.4,-1018.2,-927.75,-851.55,-796.11,-763,-1904.5,-1929.9,-2006.4,-2133.6,-2306.8,-2510.6,-2712.4,-2864.7,-2921.9,-2864.7,-2712.4,-2510.6,-2306.8,-2133.6,-2006.4,-1929.9,-2354,-2380.8,-2460.9,-2592.5,-2768.7,-2972.4,-3170.9,-3319,-3374.3,-3319,-3170.9,-2972.4,-2768.7,-2592.5,-2460.9,-2380.8,-2273.1,-2294.1,-2356.7,-2458,-2591,-2741.1,-2884.3,-2989.2,-3028,-2989.2,-2884.3,-2741.1,-2591,-2458,-2356.7,-2294.1,-1968.1,-1982.7,-2025.6,-2094.1,-2182.3,-2279.6,-2370.3,-2435.7,-2459.6,-2435.7,-2370.3,-2279.6,-2182.3,-2094.1,-2025.6,-1982.7,-1630,-1639.6,-1667.6,-1711.9,-1768,-1828.6,-1884.1,-1923.5,-1937.7,-1923.5,-1884.1,-1828.6,-1768,-1711.9,-1667.6,-1639.6,-1332.5,-1338.8,-1357,-1385.6,-1421.2,-1459.2,-1493.4,-1517.3,-1526,-1517.3,-1493.4,-1459.2,-1421.2,-1385.6,-1357,-1338.8,-1091.1,-1095.3,-1107.3,-1126,-1149.1,-1173.4,-1195.1,-1210.1,-1215.5,-1210.1,-1195.1,-1173.4,-1149.1,-1126,-1107.3,-1095.3
1087.2,1091.6,1104.3,1124.1,1148.7,1174.7,1197.9,1214,1219.8,1214,1197.9,1174.7,1148.7,1124.1,1104.3,1091.6,1326.5,1333.1,1352.4,1382.6,1420.5,1461.1,1497.8,1523.6,1532.9,1523.6,1497.8,1461.1,1420.5,1382.6,1352.4,1333.1,1620.7,1630.8,1660.4,1707.2,1766.8,1831.6,1891.2,1933.6,1949.1,1933.6,1891.2,1831.6,1766.8,1707.2,1660.4,1630.8,1953.9,1969.2,2014.3,2086.6,2180.2,2284.2,2381.8,2452.5,2478.4,2452.5,2381.8,2284.2,2180.2,2086.6,2014.3,1969.2,2252.3,2274.3,2339.9,2446.5,2587.5,2748,2902.2,3016.1,3058.3,3016.1,2902.2,2748,2587.5,2446.5,2339.9,2274.3,2327.4,2355.3,2439,2577.2,2763.8,2981.6,3195.8,3357,3417.4,3357,3195.8,2981.6,2763.8,2577.2,2439,2355.3,1879.3,1905.6,1985.3,2118.6,2301.9,2519.8,2738,2904.1,2966.7,2904.1,2738,2519.8,2301.9,2118.6,1985.3,1905.6,741.16,752.52,786.96,845.02,925.59,1022.4,1120,1194.6,1222.7,1194.6,1120,1022.4,925.59,845.02,786.96,752.52,-741.16,-752.52,-786.96,-845.02,-925.59,-1022.4,-1120,-1194.6,-1222.7,-1194.6,-1120,-1022.4,-925.59,-845.02,-786.96,-752.52,-1879.3,-1905.6,-1985.3,-2118.6,-2301.9,-2519.8,-2738,-2904.1,-2966.7,-2904.1,-2738,-2519.8,-2301.9,-2118.6,-1985.3,-1905.6,-2327.4,-2355.3,-2439,-2577.2,-2763.8,-2981.6,-3195.8,-3357,-3417.4,-3357,-3195.8,-2981.6,-2763.8,-2577.2,-2439,-2355.3,-2252.3,-2274.3,-2339.9,-2446.5,-2587.5,-2748,-2902.2,-3016.1,-3058.3,-3016.1,-2902.2,-2748,-2587.5,-2446.5,-2339.9,-2274.3,-1953.9,-1969.2,-2014.3,-2086.6,-2180.2,-2284.2,-2381.8,-2452.5,-2478.4,-2452.5,-2381.8,-2284.2,-2180.2,-2086.6,-2014.3,-1969.2,-1620.7,-1630.8,-1660.4,-1707.2,-1766.8,-1831.6,-1891.2,-1933.6,-1949.1,-1933.6,-1891.2,-1831.6,-1766.8,-1707.2,-1660.4,-1630.8,-1326.5,-1333.1,-1352.4,-1382.6,-1420.5,-1461.1,-1497.8,-1523.6,-1532.9,-1523.6,-1497.8,-1461.1,-1420.5,-1382.6,-1352.4,-1333.1,-1087.2,-1091.6,-1104.3,-1124.1,-1148.7,-1174.7,-1197.9,-1214,-1219.8,-1214,-1197.9,-1174.7,-1148.7,-1124.1,-1104.3,-1091.6
1083.2,1087.9,1101.3,1122.3,1148.3,1175.9,1200.7,1217.9,1224.2,1217.9,1200.7,1175.9,1148.3,1122.3,1101.3,1087.9,1320.5,1327.5,1347.8,1379.7,1419.8,1463,1502.2,1529.8,1539.8,1529.8,1502.2,1463,1419.8,1379.7,1347.8,1327.5,1611.5,1622.1,1653.2,1702.5,1765.6,1834.5,1898.3,1943.8,1960.5,1943.8,1898.3,1834.5,1765.6,1702.5,1653.2,1622.1,1939.8,1955.8,2003,2079.1,2178,2288.7,2393.2,2469.3,2497.4,2469.3,2393.2,2288.7,2178,2079.1,2003,1955.8,2231.8,2254.7,2323.1,2435,2583.9,2754.7,2920.2,3043.2,3089,3043.2,2920.2,2754.7,2583.9,2435,2323.1,2254.7,2301.3,2330.2,2417.2,2561.8,2758.6,2990.4,3220.7,3395.4,3461.1,3395.4,3220.7,2990.4,2758.6,2561.8,2417.2,2330.2,1854.4,1881.7,1964.4,2103.6,2296.6,2528.7,2763.7,2944.1,3012.4,2944.1,2763.7,2528.7,2296.6,2103.6,1964.4,1881.7,730.5,742.22,777.9,838.45,923.3,1026.4,1131.7,1212.8,1243.5,1212.8,1131.7,1026.4,923.3,838.45,777.9,742.22,-730.5,-742.22,-777.9,-838.45,-923.3,-1026.4,-1131.7,-1212.8,-1243.5,-1212.8,-1131.7,-1026.4,-923.3,-838.45,-777.9,-742.22,-1854.4,-1881.7,-1964.4,-2103.6,-2296.6,-2528.7,-2763.7,-2944.1,-3012.4,-2944.1,-2763.7,-2528.7,-2296.6,-2103.6,-1964.4,-1881.7,-2301.3,-2330.2,-2417.2,-2561.8,-2758.6,-2990.4,-3220.7,-3395.4,-3461.1,-3395.4,-3220.7,-2990.4,-2758.6,-2561.8,-2417.2,-2330.2,-2231.8,-2254.7,-2323.1,-2435,-2583.9,-2754.7,-2920.2,-3043.2,-3089,-3043.2,-2920.2,-2754.7,-2583.9,-2435,-2323.1,-2254.7,-1939.8,-1955.8,-2003,-2079.1,-2178,-2288.7,-2393.2,-2469.3,-2497.4,-2469.3,-2393.2,-2288.7,-2178,-2079.1,-2003,-1955.8,-1611.5,-1622.1,-1653.2,-1702.5,-1765.6,-1834.5,-1898.3,-1943.8,-1960.5,-1943.8,-1898.3,-1834.5,-1765.6,-1702.5,-1653.2,-1622.1,-1320.5,-1327.5,-1347.8,-1379.7,-1419.8,-1463,-1502.2,-1529.8,-1539.8,-1529.8,-1502.2,-1463,-1419.8,-1379.7,-1347.8,-1327.5,-1083.2,-1087.9,-1101.3,-1122.3,-1148.3,-1175.9,-1200.7,-1217.9,-1224.2,-1217.9,-1200.7,-1175.9,-1148.3,-1122.3,-1101.3,-1087.9
1079.3,1084.2,1098.3,1120.4,1147.9,1177.1,1203.5,1221.9,1228.5,1221.9,1203.5,1177.1,1147.9,1120.4,1098.3,1084.2,1314.6,1321.9,1343.2,1376.7,1419.1,1464.8,1506.5,1536.1,1546.8,1536.1,1506.5,1464.8,1419.1,1376.7,1343.2,1321.9,1602.4,1613.4,1646,1697.8,1764.3,1837.4,1905.3,1954.1,1971.9,1954.1,1905.3,1837.4,1764.3,1697.8,1646,1613.4,1925.9,1942.5,1991.8,2071.5,2175.7,2293.1,2404.7,2486.3,2516.5,2486.3,2404.7,2293.1,2175.7,2071.5,1991.8,1942.5,2211.5,2235.3,2306.5,2423.4,2580,2761.1,2938.1,3070.5,3120.1,3070.5,2938.1,2761.1,2580,2423.4,2306.5,2235.3,2275.5,2305.4,2395.6,2546.3,2753.1,2998.9,3245.7,3434.3,3505.6,3434.3,3245.7,2998.9,2753.1,2546.3,2395.6,2305.4,1830.1,1858.2,1943.6,2088.4,2291,2537.4,2789.5,2984.7,3059,2984.7,2789.5,2537.4,2291,2088.4,1943.6,1858.2,720.03,732.1,768.92,831.83,920.87,1030.4,1143.4,1231.2,1264.6,1231.2,1143.4,1030.4,920.87,831.83,768.92,732.1,-720.03,-732.1,-768.92,-831.83,-920.87,-1030.4,-1143.4,-1231.2,-1264.6,-1231.2,-1143.4,-1030.4,-920.87,-831.83,-768.92,-732.1,-1830.1,-1858.2,-1943.6,-2088.4,-2291,-2537.4,-2789.5,-2984.7,-3059,-2984.7,-2789.5,-2537.4,-2291,-2088.4,-1943.6,-1858.2,-2275.5,-2305.4,-2395.6,-2546.3,-2753.1,-2998.9,-3245.7,-3434.3,-3505.6,-3434.3,-3245.7,-2998.9,-2753.1,-2546.3,-2395.6,-2305.4,-2211.5,-2235.3,-2306.5,-2423.4,-2580,-2761.1,-2938.1,-3070.5,-3120.1,-3070.5,-2938.1,-2761.1,-2580,-2423.4,-2306.5,-2235.3,-1925.9,-1942.5,-1991.8,-2071.5,-2175.7,-2293.1,-2404.7,-2486.3,-2516.5,-2486.3,-2404.7,-2293.1,-2175.7,-2071.5,-1991.8,-1942.5,-1602.4,-1613.4,-1646,-1697.8,-1764.3,-1837.4,-1905.3,-1954.1,-1971.9,-1954.1,-1905.3,-1837.4,-1764.3,-1697.8,-1646,-1613.4,-1314.6,-1321.9,-1343.2,-1376.7,-1419.1,-1464.8,-1506.5,-1536.1,-1546.8,-1536.1,-1506.5,-1464.8,-1419.1,-1376.7,-1343.2,-1321.9,-1079.3,-1084.2,-1098.3,-1120.4,-1147.9,-1177.1,-1203.5,-1221.9,-1228.5,-1221.9,-1203.5,-1177.1,-1147.9,-1120.4,-1098.3,-1084.2
1075.4,1080.5,1095.3,1118.4,1147.4,1178.3,1206.3,1225.8,1232.9,1225.8,1206.3,1178.3,1147.4,1118.4,1095.3,1080.5,1308.6,1316.3,1338.5,1373.7,1418.3,1466.7,1510.9,1542.3,1553.8,1542.3,1510.9,1466.7,1418.3,1373.7,1338.5,1316.3,1593.3,1604.8,1638.8,1693,1762.9,1840.2,1912.3,1964.4,1983.5,1964.4,1912.3,1840.2,1762.9,1693,1638.8,1604.8,1912,1929.3,1980.6,2063.8,2173.3,2297.3,2416.1,2503.5,2535.8,2503.5,2416.1,2297.3,2173.3,2063.8,1980.6,1929.3,2191.4,2216.1,2289.9,2411.7,2575.9,2767.4,2956,3098.1,3151.5,3098.1,2956,2767.4,2575.9,2411.7,2289.9,2216.1,2250.1,2280.9,2374.1,2530.7,2747.2,3007.2,3270.7,3473.7,3550.8,3473.7,3270.7,3007.2,2747.2,2530.7,2374.1,2280.9,1806.1,1835,1923.1,2073.2,2285.1,2545.7,2815.3,3025.9,3106.4,3025.9,2815.3,2545.7,2285.1,2073.2,1923.1,1835,709.76,722.14,760.03,825.19,918.3,1034.2,1155.2,1250,1286.3,1250,1155.2,1034.2,918.3,825.19,760.03,722.14,-709.76,-722.14,-760.03,-825.19,-918.3,-1034.2,-1155.2,-1250,-1286.3,-1250,-1155.2,-1034.2,-918.3,-825.19,-760.03,-722.14,-1806.1,-1835,-1923.1,-2073.2,-2285.1,-2545.7,-2815.3,-3025.9,-3106.4,-3025.9,-2815.3,-2545.7,-2285.1,-2073.2,-1923.1,-1835,-2250.1,-2280.9,-2374.1,-2530.7,-2747.2,-3007.2,-3270.7,-3473.7,-3550.8,-3473.7,-3270.7,-3007.2,-2747.2,-2530.7,-2374.1,-2280.9,-2191.4,-2216.1,-2289.9,-2411.7,-2575.9,-2767.4,-2956,-3098.1,-3151.5,-3098.1,-2956,-2767.4,-2575.9,-2411.7,-2289.9,-2216.1,-1912,-1929.3,-1980.6,-2063.8,-2173.3,-2297.3,-2416.1,-2503.5,-2535.8,-2503.5,-2416.1,-2297.3,-2173.3,-2063.8,-1980.6,-1929.3,-1593.3,-1604.8,-1638.8,-1693,-1762.9,-1840.2,-1912.3,-1964.4,-1983.5,-1964.4,-1912.3,-1840.2,-1762.9,-1693,-1638.8,-1604.8,-1308.6,-1316.3,-1338.5,-1373.7,-1418.3,-1466.7,-1510.9,-1542.3,-1553.8,-1542.3,-1510.9,-1466.7,-1418.3,-1373.7,-1338.5,-1316.3,-1075.4,-1080.5,-1095.3,-1118.4,-1147.4,-1178.3,-1206.3,-1225.8,-1232.9,-1225.8,-1206.3,-1178.3,-1147.4,-1118.4,-1095.3,-1080.5
1071.5,1076.8,1092.3,1116.5,1146.9,1179.5,1209,1229.8,1237.3,1229.8,1209,1179.5,1146.9,1116.5,1092.3,1076.8,1302.7,1310.7,1333.9,1370.7,1417.5,1468.4,1515.3,1548.6,1560.8,1548.6,1515.3,1468.4,1417.5,1370.7,1333.9,1310.7,1584.3,1596.2,1631.5,1688.2,1761.4,1842.9,1919.3,1974.7,1995.1,1974.7,1919.3,1842.9,1761.4,1688.2,1631.5,1596.2,1898.3,1916.2,1969.4,2056.1,2170.7,2301.5,2427.4,2520.7,2555.3,2520.7,2427.4,2301.5,2170.7,2056.1,1969.4,1916.2,2171.6,2197,2273.4,2399.9,2571.6,2773.4,2973.9,3126,3183.4,3126,2973.9,2773.4,2571.6,2399.9,2273.4,2197,2225,2256.7,2352.8,2515,2741.1,3015.1,3295.7,3513.6,3596.8,3513.6,3295.7,3015.1,2741.1,2515,2352.8,2256.7,1782.6,1812.2,1902.7,2057.8,2278.9,2553.7,2841.3,3067.9,3154.9,3067.9,2841.3,2553.7,2278.9,2057.8,1902.7,1812.2,699.69,712.35,751.22,818.51,915.6,1037.8,1167,1269.1,1308.3,1269.1,1167,1037.8,915.6,818.51,751.22,712.35,-699.69,-712.35,-751.22,-818.51,-915.6,-1037.8,-1167,-1269.1,-1308.3,-1269.1,-1167,-1037.8,-915.6,-818.51,-751.22,-712.35,-1782.6,-1812.2,-1902.7,-2057.8,-2278.9,-2553.7,-2841.3,-3067.9,-3154.9,-3067.9,-2841.3,-2553.7,-2278.9,-2057.8,-1902.7,-1812.2,-2225,-2256.7,-2352.8,-2515,-2741.1,-3015.1,-3295.7,-3513.6,-3596.8,-3513.6,-3295.7,-3015.1,-2741.1,-2515,-2352.8,-2256.7,-2171.6,-2197,-2273.4,-2399.9,-2571.6,-2773.4,-2973.9,-3126,-3183.4,-3126,-2973.9,-2773.4,-2571.6,-2399.9,-2273.4,-2197,-1898.3,-1916.2,-1969.4,-2056.1,-2170.7,-2301.5,-2427.4,-2520.7,-2555.3,-2520.7,-2427.4,-2301.5,-2170.7,-2056.1,-1969.4,-1916.2,-1584.3,-1596.2,-1631.5,-1688.2,-1761.4,-1842.9,-1919.3,-1974.7,-1995.1,-1974.7,-1919.3,-1842.9,-1761.4,-1688.2,-1631.5,-1596.2,-1302.7,-1310.7,-1333.9,-1370.7,-1417.5,-1468.4,-1515.3,-1548.6,-1560.8,-1548.6,-1515.3,-1468.4,-1417.5,-1370.7,-1333.9,-1310.7,-1071.5,-1076.8,-1092.3,-1116.5,-1146.9,-1179.5,-1209,-1229.8,-1237.3,-1229.8,-1209,-1179.5,-1146.9,-1116.5,-1092.3,-1076.8
1067.6,1073.1,1089.3,1114.6,1146.4,1180.7,1211.8,1233.7,1241.7,1233.7,1211.8,1180.7,1146.4,1114.6,1089.3,1073.1,1296.9,1305.1,1329.3,1367.7,1416.6,1470.2,1519.6,1555,1567.8,1555,1519.6,1470.2,1416.6,1367.7,1329.3,1305.1,1575.3,1587.7,1624.4,1683.3,1759.9,1845.5,1926.3,1985.1,2006.7,1985.1,1926.3,1845.5,1759.9,1683.3,1624.4,1587.7,1884.7,1903.2,1958.3,2048.3,2168,2305.5,2438.8,2538,2575,2538,2438.8,2305.5,2168,2048.3,1958.3,1903.2,2152.1,2178.2,2256.9,2388,2567,2779.2,2991.7,3154.1,3215.6,3154.1,2991.7,2779.2,2567,2388,2256.9,2178.2,2200.4,2232.9,2331.6,2499.2,2734.6,3022.7,3320.7,3554.1,3643.5,3554.1,3320.7,3022.7,2734.6,2499.2,2331.6,2232.9,1759.5,1789.7,1882.5,2042.5,2272.4,2561.4,2867.3,3110.5,3204.3,3110.5,2867.3,2561.4,2272.4,2042.5,1882.5,1789.7,689.8,702.72,742.5,811.81,912.76,1041.4,1178.9,1288.6,1330.9,1288.6,1178.9,1041.4,912.76,811.81,742.5,702.72,-689.8,-702.72,-742.5,-811.81,-912.76,-1041.4,-1178.9,-1288.6,-1330.9,-1288.6,-1178.9,-1041.4,-912.76,-811.81,-742.5,-702.72,-1759.5,-1789.7,-1882.5,-2042.5,-2272.4,-2561.4,-2867.3,-3110.5,-3204.3,-3110.5,-2867.3,-2561.4,-2272.4,-2042.5,-1882.5,-1789.7,-2200.4,-2232.9,-2331.6,-2499.2,-2734.6,-3022.7,-3320.7,-3554.1,-3643.5,-3554.1,-3320.7,-3022.7,-2734.6,-2499.2,-2331.6,-2232.9,-2152.1,-2178.2,-2256.9,-2388,-2567,-2779.2,-2991.7,-3154.1,-3215.6,-3154.1,-2991.7,-2779.2,-2567,-2388,-2256.9,-2178.2,-1884.7,-1903.2,-1958.3,-2048.3,-2168,-2305.5,-2438.8,-2538,-2575,-2538,-2438.8,-2305.5,-2168,-2048.3,-1958.3,-1903.2,-1575.3,-1587.7,-1624.4,-1683.3,-1759.9,-1845.5,-1926.3,-1985.1,-2006.7,-1985.1,-1926.3,-1845.5,-1759.9,-1683.3,-1624.4,-1587.7,-1296.9,-1305.1,-1329.3,-1367.7,-1416.6,-1470.2,-1519.6,-1555,-1567.8,-1555,-1519.6,-1470.2,-1416.6,-1367.7,-1329.3,-1305.1,-1067.6,-1073.1,-1089.3,-1114.6,-1146.4,-1180.7,-1211.8,-1233.7,-1241.7,-1233.7,-1211.8,-1180.7,-1146.4,-1114.6,-1089.3,-1073.1
1063.7,1069.5,1086.2,1112.6,1145.9,1181.8,1214.5,1237.7,1246.1,1237.7,1214.5,1181.8,1145.9,1112.6,1086.2,1069.5,1291,1299.6,1324.7,1364.6,1415.7,1471.9,1523.9,1561.3,1574.9,1561.3,1523.9,1471.9,1415.7,1364.6,1324.7,1299.6,1566.4,1579.2,1617.2,1678.4,1758.3,1848.1,1933.3,1995.5,2018.5,1995.5,1933.3,1848.1,1758.3,1678.4,1617.2,1579.2,1871.3,1890.3,1947.2,2040.4,2165.2,2309.3,2450.1,2555.4,2594.9,2555.4,2450.1,2309.3,2165.2,2040.4,1947.2,1890.3,2132.7,2159.6,2240.6,2376,2562.3,2784.8,3009.6,3182.5,3248.3,3182.5,3009.6,2784.8,2562.3,2376,2240.6,2159.6,2176.1,2209.3,2310.6,2483.4,2727.9,3030,3345.7,3595,3691.1,3595,3345.7,3030,2727.9,2483.4,2310.6,2209.3,1736.7,1767.6,1862.4,2027,2265.6,2568.8,2893.4,3153.7,3254.6,3153.7,2893.4,2568.8,2265.6,2027,1862.4,1767.6,680.1,693.25,733.87,805.08,909.78,1044.8,1190.9,1308.4,1353.9,1308.4,1190.9,1044.8,909.78,805.08,733.87,693.25,-680.1,-693.25,-733.87,-805.08,-909.78,-1044.8,-1190.9,-1308.4,-1353.9,-1308.4,-1190.9,-1044.8,-909.78,-805.08,-733.87,-693.25,-1736.7,-1767.6,-1862.4,-2027,-2265.6,-2568.8,-2893.4,-3153.7,-3254.6,-3153.7,-2893.4,-2568.8,-2265.6,-2027,-1862.4,-1767.6,-2176.1,-2209.3,-2310.6,-2483.4,-2727.9,-3030,-3345.7,-3595,-3691.1,-3595,-3345.7,-3030,-2727.9,-2483.4,-2310.6,-2209.3,-2132.7,-2159.6,-2240.6,-2376,-2562.3,-2784.8,-3009.6,-3182.5,-3248.3,-3182.5,-3009.6,-2784.8,-2562.3,-2376,-2240.6,-2159.6,-1871.3,-1890.3,-1947.2,-2040.4,-2165.2,-2309.3,-2450.1,-2555.4,-2594.9,-2555.4,-2450.1,-2309.3,-2165.2,-2040.4,-1947.2,-1890.3,-1566.4,-1579.2,-1617.2,-1678.4,-1758.3,-1848.1,-1933.3,-1995.5,-2018.5,-1995.5,-1933.3,-1848.1,-1758.3,-1678.4,-1617.2,-1579.2,-1291,-1299.6,-1324.7,-1364.6,-1415.7,-1471.9,-1523.9,-1561.3,-1574.9,-1561.3,-1523.9,-1471.9,-1415.7,-1364.6,-1324.7,-1299.6,-1063.7,-1069.5,-1086.2,-1112.6,-1145.9,-1181.8,-1214.5,-1237.7,-1246.1,-1237.7,-1214.5,-1181.8,-1145.9,-1112.6,-1086.2,-1069.5
1059.9,1065.8,1083.2,1110.6,1145.4,1182.9,1217.3,1241.7,1250.5,1241.7,1217.3,1182.9,1145.4,1110.6,1083.2,1065.8,1285.2,1294.1,1320,1361.5,1414.8,1473.5,1528.2,1567.6,1582,1567.6,1528.2,1473.5,1414.8,1361.5,1320,1294.1,1557.5,1570.8,1610,1673.4,1756.7,1850.6,1940.2,2006,2030.3,2006,1940.2,1850.6,1756.7,1673.4,1610,1570.8,1857.9,1877.5,1936.1,2032.5,2162.2,2313.1,2461.3,2573,2614.9,2573,2461.3,2313.1,2162.2,2032.5,1936.1,1877.5,2113.6,2141.1,2224.3,2364,2557.4,2790.2,3027.4,3211.2,3281.4,3211.2,3027.4,2790.2,2557.4,2364,2224.3,2141.1,2152.1,2186.1,2289.7,2467.4,2720.8,3037,3370.7,3636.5,3739.4,3636.5,3370.7,3037,2720.8,2467.4,2289.7,2186.1,1714.4,1745.8,1842.6,2011.5,2258.5,2575.9,2919.6,3197.7,3306,3197.7,2919.6,2575.9,2258.5,2011.5,1842.6,1745.8,670.58,683.94,725.33,798.32,906.67,1048.1,1202.9,1328.6,1377.5,1328.6,1202.9,1048.1,906.67,798.32,725.33,683.94,-670.58,-683.94,-725.33,-798.32,-906.67,-1048.1,-1202.9,-1328.6,-1377.5,-1328.6,-1202.9,-1048.1,-906.67,-798.32,-725.33,-683.94,-1714.4,-1745.8,-1842.6,-2011.5,-2258.5,-2575.9,-2919.6,-3197.7,-3306,-3197.7,-2919.6,-2575.9,-2258.5,-2011.5,-1842.6,-1745.8,-2152.1,-2186.1,-2289.7,-2467.4,-2720.8,-3037,-3370.7,-3636.5,-3739.4,-3636.5,-3370.7,-3037,-2720.8,-2467.4,-2289.7,-2186.1,-2113.6,-2141.1,-2224.3,-2364,-2557.4,-2790.2,-3027.4,-3211.2,-3281.4,-3211.2,-3027.4,-2790.2,-2557.4,-2364,-2224.3,-2141.1,-1857.9,-1877.5,-1936.1,-2032.5,-2162.2,-2313.1,-2461.3,-2573,-2614.9,-2573,-2461.3,-2313.1,-2162.2,-2032.5,-1936.1,-1877.5,-1557.5,-1570.8,-1610,-1673.4,-1756.7,-1850.6,-1940.2,-2006,-2030.3,-2006,-1940.2,-1850.6,-1756.7,-1673.4,-1610,-1570.8,-1285.2,-1294.1,-1320,-1361.5,-1414.8,-1473.5,-1528.2,-1567.6,-1582,-1567.6,-1528.2,-1473.5,-1414.8,-1361.5,-1320,-1294.1,-1059.9,-1065.8,-1083.2,-1110.6,-1145.4,-1182.9,-1217.3,-1241.7,-1250.5,-1241.7,-1217.3,-1182.9,-1145.4,-1110.6,-1083.2,-1065.8
1056,1062.2,1080.2,1108.6,1144.8,1184,1220,1245.6,1254.9,1245.6,1220,1184,1144.8,1108.6,1080.2,1062.2,1279.4,1288.5,1315.4,1358.4,1413.8,1475.1,1532.5,1574,1589.2,1574,1532.5,1475.1,1413.8,1358.4,1315.4,1288.5,1548.7,1562.4,1602.8,1668.4,1754.9,1853,1947.1,2016.5,2042.3,2016.5,1947.1,1853,1754.9,1668.4,1602.8,1562.4,1844.7,1864.8,1925,2024.6,2159.2,2316.7,2472.6,2590.7,2635.1,2590.7,2472.6,2316.7,2159.2,2024.6,1925,1864.8,2094.7,2122.8,2208.1,2351.9,2552.2,2795.3,3045.1,3240.1,3314.9,3240.1,3045.1,2795.3,2552.2,2351.9,2208.1,2122.8,2128.5,2163.1,2269,2451.4,2713.5,3043.6,3395.7,3678.5,3788.5,3678.5,3395.7,3043.6,2713.5,2451.4,2269,2163.1,1692.4,1724.3,1822.9,1995.9,2251.1,2582.6,2945.8,3242.4,3358.3,3242.4,2945.8,2582.6,2251.1,1995.9,1822.9,1724.3,661.23,674.78,716.87,791.53,903.42,1051.2,1215,1349.1,1401.5,1349.1,1215,1051.2,903.42,791.53,716.87,674.78,-661.23,-674.78,-716.87,-791.53,-903.42,-1051.2,-1215,-1349.1,-1401.5,-1349.1,-1215,-1051.2,-903.42,-791.53,-716.87,-674.78,-1692.4,-1724.3,-1822.9,-1995.9,-2251.1,-2582.6,-2945.8,-3242.4,-3358.3,-3242.4,-2945.8,-2582.6,-2251.1,-1995.9,-1822.9,-1724.3,-2128.5,-2163.1,-2269,-2451.4,-2713.5,-3043.6,-3395.7,-3678.5,-3788.5,-3678.5,-3395.7,-3043.6,-2713.5,-2451.4,-2269,-2163.1,-2094.7,-2122.8,-2208.1,-2351.9,-2552.2,-2795.3,-3045.1,-3240.1,-3314.9,-3240.1,-3045.1,-2795.3,-2552.2,-2351.9,-2208.1,-2122.8,-1844.7,-1864.8,-1925,-2024.6,-2159.2,-2316.7,-2472.6,-2590.7,-2635.1,-2590.7,-2472.6,-2316.7,-2159.2,-2024.6,-1925,-1864.8,-1548.7,-1562.4,-1602.8,-1668.4,-1754.9,-1853,-1947.1,-2016.5,-2042.3,-2016.5,-1947.1,-1853,-1754.9,-1668.4,-1602.8,-1562.4,-1279.4,-1288.5,-1315.4,-1358.4,-1413.8,-1475.1,-1532.5,-1574,-1589.2,-1574,-1532.5,-1475.1,-1413.8,-1358.4,-1315.4,-1288.5,-1056,-1062.2,-1080.2,-1108.6,-1144.8,-1184,-1220,-1245.6,-1254.9,-1245.6,-1220,-1184,-1144.8,-1108.6,-1080.2,-1062.2
1052.2,1058.5,1077.1,1106.6,1144.2,1185.1,1222.7,1249.6,1259.4,1249.6,1222.7,1185.1,1144.2,1106.6,1077.1,1058.5,1273.7,1283.1,1310.8,1355.2,1412.8,1476.7,1536.8,1580.4,1596.4,1580.4,1536.8,1476.7,1412.8,1355.2,1310.8,1283.1,1540,1554,1595.7,1663.4,1753.1,1855.4,1954,2027.1,2054.2,2027.1,1954,1855.4,1753.1,1663.4,1595.7,1554,1831.5,1852.1,1914,2016.6,2156,2320.2,2483.8,2608.4,2655.5,2608.4,2483.8,2320.2,2156,2016.6,1914,1852.1,2076,2104.7,2192,2339.8,2546.9,2800.3,3062.8,3269.3,3348.8,3269.3,3062.8,2800.3,2546.9,2339.8,2192,2104.7,2105.2,2140.4,2248.4,2435.3,2705.8,3050,3420.7,3721,3838.4,3721,3420.7,3050,2705.8,2435.3,2248.4,2140.4,1670.8,1703.2,1803.4,1980.2,2243.4,2589,2972.1,3287.8,3411.8,3287.8,2972.1,2589,2243.4,1980.2,1803.4,1703.2,652.06,665.77,708.5,784.73,900.03,1054.2,1227.2,1370.1,1426,1370.1,1227.2,1054.2,900.03,784.73,708.5,665.77,-652.06,-665.77,-708.5,-784.73,-900.03,-1054.2,-1227.2,-1370.1,-1426,-1370.1,-1227.2,-1054.2,-900.03,-784.73,-708.5,-665.77,-1670.8,-1703.2,-1803.4,-1980.2,-2243.4,-2589,-2972.1,-3287.8,-3411.8,-3287.8,-2972.1,-2589,-2243.4,-1980.2,-1803.4,-1703.2,-2105.2,-2140.4,-2248.4,-2435.3,-2705.8,-3050,-3420.7,-3721,-3838.4,-3721,-3420.7,-3050,-2705.8,-2435.3,-2248.4,-2140.4,-2076,-2104.7,-2192,-2339.8,-2546.9,-2800.3,-3062.8,-3269.3,-3348.8,-3269.3,-3062.8,-2800.3,-2546.9,-2339.8,-2192,-2104.7,-1831.5,-1852.1,-1914,-2016.6,-2156,-2320.2,-2483.8,-2608.4,-2655.5,-2608.4,-2483.8,-2320.2,-2156,-2016.6,-1914,-1852.1,-1540,-1554,-1595.7,-1663.4,-1753.1,-1855.4,-1954,-2027.1,-2054.2,-2027.1,-1954,-1855.4,-1753.1,-1663.4,-1595.7,-1554,-1273.7,-1283.1,-1310.8,-1355.2,-1412.8,-1476.7,-1536.8,-1580.4,-1596.4,-1580.4,-1536.8,-1476.7,-1412.8,-1355.2,-1310.8,-1283.1,-1052.2,-1058.5,-1077.1,-1106.6,-1144.2,-1185.1,-1222.7,-1249.6,-1259.4,-1249.6,-1222.7,-1185.1,-1144.2,-1106.6,-1077.1,-1058.5
1048.4,1054.9,1074.1,1104.6,1143.5,1186.1,1225.5,1253.6,1263.9,1253.6,1225.5,1186.1,1143.5,1104.6,1074.1,1054.9,1267.9,1277.6,1306.2,1352.1,1411.7,1478.3,1541.1,1586.7,1603.6,1586.7,1541.1,1478.3,1411.7,1352.1,1306.2,1277.6,1531.3,1545.7,1588.5,1658.4,1751.2,1857.7,1960.9,2037.7,2066.3,2037.7,1960.9,1857.7,1751.2,1658.4,1588.5,1545.7,1818.5,1839.6,1903,2008.5,2152.7,2323.5,2495,2626.3,2676.1,2626.3,2495,2323.5,2152.7,2008.5,1903,1839.6,2057.5,2086.8,2176,2327.5,2541.3,2804.9,3080.5,3298.8,3383.2,3298.8,3080.5,2804.9,2541.3,2327.5,2176,2086.8,2082.3,2118,2228,2419.1,2697.9,3055.9,3445.6,3764.1,3889.1,3764.1,3445.6,3055.9,2697.9,2419.1,2228,2118,1649.6,1682.3,1784.1,1964.5,2235.3,2595.1,2998.5,3333.9,3466.2,3333.9,2998.5,2595.1,2235.3,1964.5,1784.1,1682.3,643.05,656.91,700.21,777.91,896.51,1057,1239.4,1391.4,1451.1,1391.4,1239.4,1057,896.51,777.91,700.21,656.91,-643.05,-656.91,-700.21,-777.91,-896.51,-1057,-1239.4,-1391.4,-1451.1,-1391.4,-1239.4,-1057,-896.51,-777.91,-700.21,-656.91,-1649.6,-1682.3,-1784.1,-1964.5,-2235.3,-2595.1,-2998.5,-3333.9,-3466.2,-3333.9,-2998.5,-2595.1,-2235.3,-1964.5,-1784.1,-1682.3,-2082.3,-2118,-2228,-2419.1,-2697.9,-3055.9,-3445.6,-3764.1,-3889.1,-3764.1,-3445.6,-3055.9,-2697.9,-2419.1,-2228,-2118,-2057.5,-2086.8,-2176,-2327.5,-2541.3,-2804.9,-3080.5,-3298.8,-3383.2,-3298.8,-3080.5,-2804.9,-2541.3,-2327.5,-2176,-2086.8,-1818.5,-1839.6,-1903,-2008.5,-2152.7,-2323.5,-2495,-2626.3,-2676.1,-2626.3,-2495,-2323.5,-2152.7,-2008.5,-1903,-1839.6,-1531.3,-1545.7,-1588.5,-1658.4,-1751.2,-1857.7,-1960.9,-2037.7,-2066.3,-2037.7,-1960.9,-1857.7,-1751.2,-1658.4,-1588.5,-1545.7,-1267.9,-1277.6,-1306.2,-1352.1,-1411.7,-1478.3,-1541.1,-1586.7,-1603.6,-1586.7,-1541.1,-1478.3,-1411.7,-1352.1,-1306.2,-1277.6,-1048.4,-1054.9,-1074.1,-1104.6,-1143.5,-1186.1,-1225.5,-1253.6,-1263.9,-1253.6,-1225.5,-1186.1,-1143.5,-1104.6,-1074.1,-1054.9
1044.5,1051.3,1071.1,1102.6,1142.9,1187.1,1228.2,1257.6,1268.3,1257.6,1228.2,1187.1,1142.9,1102.6,1071.1,1051.3,1262.2,1272.2,1301.5,1348.9,1410.6,1479.8,1545.3,1593.1,1610.8,1593.1,1545.3,1479.8,1410.6,1348.9,1301.5,1272.2,1522.7,1537.4,1581.4,1653.3,1749.3,1859.9,1967.7,2048.3,2078.4,2048.3,1967.7,1859.9,1749.3,1653.3,1581.4,1537.4,1805.6,1827.2,1892.1,2000.4,2149.2,2326.7,2506.1,2644.3,2696.9,2644.3,2506.1,2326.7,2149.2,2000.4,1892.1,1827.2,2039.2,2069.1,2160,2315.3,2535.6,2809.4,3098.1,3328.5,3418,3328.5,3098.1,2809.4,2535.6,2315.3,2160,2069.1,2059.7,2096,2207.7,2402.9,2689.7,3061.5,3470.6,3807.7,3940.8,3807.7,3470.6,3061.5,2689.7,2402.9,2207.7,2096,1628.7,1661.8,1765,1948.8,2227,2600.8,3024.9,3380.7,3521.8,3380.7,3024.9,2600.8,2227,1948.8,1765,1661.8,634.21,648.2,692.01,771.07,892.86,1059.7,1251.7,1413,1476.7,1413,1251.7,1059.7,892.86,771.07,692.01,648.2,-634.21,-648.2,-692.01,-771.07,-892.86,-1059.7,-1251.7,-1413,-1476.7,-1413,-1251.7,-1059.7,-892.86,-771.07,-692.01,-648.2,-1628.7,-1661.8,-1765,-1948.8,-2227,-2600.8,-3024.9,-3380.7,-3521.8,-3380.7,-3024.9,-2600.8,-2227,-1948.8,-1765,-1661.8,-2059.7,-2096,-2207.7,-2402.9,-2689.7,-3061.5,-3470.6,-3807.7,-3940.8,-3807.7,-3470.6,-3061.5,-2689.7,-2402.9,-2207.7,-2096,-2039.2,-2069.1,-2160,-2315.3,-2535.6,-2809.4,-3098.1,-3328.5,-3418,-3328.5,-3098.1,-2809.4,-2535.6,-2315.3,-2160,-2069.1,-1805.6,-1827.2,-1892.1,-2000.4,-2149.2,-2326.7,-2506.1,-2644.3,-2696.9,-2644.3,-2506.1,-2326.7,-2149.2,-2000.4,-1892.1,-1827.2,-1522.7,-1537.4,-1581.4,-1653.3,-1749.3,-1859.9,-1967.7,-2048.3,-2078.4,-2048.3,-1967.7,-1859.9,-1749.3,-1653.3,-1581.4,-1537.4,-1262.2,-1272.2,-1301.5,-1348.9,-1410.6,-1479.8,-1545.3,-1593.1,-1610.8,-1593.1,-1545.3,-1479.8,-1410.6,-1348.9,-1301.5,-1272.2,-1044.5,-1051.3,-1071.1,-1102.6,-1142.9,-1187.1,-1228.2,-1257.6,-1268.3,-1257.6,-1228.2,-1187.1,-1142.9,-1102.6,-1071.1,-1051.3
1040.8,1047.7,1068,1100.5,1142.2,1188.1,1230.8,1261.6,1272.8,1261.6,1230.8,1188.1,1142.2,1100.5,1068,1047.7,1256.6,1266.7,1296.9,1345.7,1409.4,1481.2,1549.5,1599.6,1618.1,1599.6,1549.5,1481.2,1409.4,1345.7,1296.9,1266.7,1514.1,1529.2,1574.2,1648.2,1747.2,1862,1974.5,2059,2090.7,2059,1974.5,1862,1747.2,1648.2,1574.2,1529.2,1792.9,1814.8,1881.2,1992.3,2145.6,2329.8,2517.2,2662.4,2717.9,2662.4,2517.2,2329.8,2145.6,1992.3,1881.2,1814.8,2021.2,2051.5,2144.1,2302.9,2529.6,2813.6,3115.7,3358.6,3453.2,3358.6,3115.7,2813.6,2529.6,2302.9,2144.1,2051.5,2037.4,2074.1,2187.6,2386.6,2681.2,3066.8,3495.4,3851.9,3993.2,3851.9,3495.4,3066.8,2681.2,2386.6,2187.6,2074.1,1608.2,1641.6,1746,1933,2218.4,2606.1,3051.4,3428.4,3578.5,3428.4,3051.4,2606.1,2218.4,1933,1746,1641.6,625.53,639.63,683.9,764.22,889.08,1062.2,1264,1435.1,1502.9,1435.1,1264,1062.2,889.08,764.22,683.9,639.63,-625.53,-639.63,-683.9,-764.22,-889.08,-1062.2,-1264,-1435.1,-1502.9,-1435.1,-1264,-1062.2,-889.08,-764.22,-683.9,-639.63,-1608.2,-1641.6,-1746,-1933,-2218.4,-2606.1,-3051.4,-3428.4,-3578.5,-3428.4,-3051.4,-2606.1,-2218.4,-1933,-1746,-1641.6,-2037.4,-2074.1,-2187.6,-2386.6,-2681.2,-3066.8,-3495.4,-3851.9,-3993.2,-3851.9,-3495.4,-3066.8,-2681.2,-2386.6,-2187.6,-2074.1,-2021.2,-2051.5,-2144.1,-2302.9,-2529.6,-2813.6,-3115.7,-3358.6,-3453.2,-3358.6,-3115.7,-2813.6,-2529.6,-2302.9,-2144.1,-2051.5,-1792.9,-1814.8,-1881.2,-1992.3,-2145.6,-2329.8,-2517.2,-2662.4,-2717.9,-2662.4,-2517.2,-2329.8,-2145.6,-1992.3,-1881.2,-1814.8,-1514.1,-1529.2,-1574.2,-1648.2,-1747.2,-1862,-1974.5,-2059,-2090.7,-2059,-1974.5,-1862,-1747.2,-1648.2,-1574.2,-1529.2,-1256.6,-1266.7,-1296.9,-1345.7,-1409.4,-1481.2,-1549.5,-1599.6,-1618.1,-1599.6,-1549.5,-1481.2,-1409.4,-1345.7,-1296.9,-1266.7,-1040.8,-1047.7,-1068,-1100.5,-1142.2,-1188.1,-1230.8,-1261.6,-1272.8,-1261.6,-1230.8,-1188.1,-1142.2,-1100.5,-1068,-1047.7
1037,1044.1,1065,1098.5,1141.5,1189.1,1233.5,1265.6,1277.3,1265.6,1233.5,1189.1,1141.5,1098.5,1065,1044.1,1250.9,1261.3,1292.3,1342.4,1408.2,1482.6,1553.7,1606,1625.4,1606,1553.7,1482.6,1408.2,1342.4,1292.3,1261.3,1505.6,1521,1567.1,1643,1745.1,1864.1,1981.3,2069.7,2103,2069.7,1981.3,1864.1,1745.1,1643,1567.1,1521,1780.2,1802.6,1870.3,1984.1,2142,2332.8,2528.2,2680.7,2739.1,2680.7,2528.2,2332.8,2142,1984.1,1870.3,1802.6,2003.3,2034.1,2128.4,2290.5,2523.4,2817.6,3133.2,3388.9,3489,3388.9,3133.2,2817.6,2523.4,2290.5,2128.4,2034.1,2015.5,2052.6,2167.6,2370.3,2672.4,3071.7,3520.3,3896.7,4046.6,3896.7,3520.3,3071.7,2672.4,2370.3,2167.6,2052.6,1588,1621.7,1727.2,1917.2,2209.5,2611.1,3077.9,3476.8,3636.3,3476.8,3077.9,2611.1,2209.5,1917.2,1727.2,1621.7,617.01,631.2,675.87,757.36,885.16,1064.6,1276.4,1457.6,1529.6,1457.6,1276.4,1064.6,885.16,757.36,675.87,631.2,-617.01,-631.2,-675.87,-757.36,-885.16,-1064.6,-1276.4,-1457.6,-1529.6,-1457.6,-1276.4,-1064.6,-885.16,-757.36,-675.87,-631.2,-1588,-1621.7,-1727.2,-1917.2,-2209.5,-2611.1,-3077.9,-3476.8,-3636.3,-3476.8,-3077.9,-2611.1,-2209.5,-1917.2,-1727.2,-1621.7,-2015.5,-2052.6,-2167.6,-2370.3,-2672.4,-3071.7,-3520.3,-3896.7,-4046.6,-3896.7,-3520.3,-3071.7,-2672.4,-2370.3,-2167.6,-2052.6,-2003.3,-2034.1,-2128.4,-2290.5,-2523.4,-2817.6,-3133.2,-3388.9,-3489,-3388.9,-3133.2,-2817.6,-2523.4,-2290.5,-2128.4,-2034.1,-1780.2,-1802.6,-1870.3,-1984.1,-2142,-2332.8,-2528.2,-2680.7,-2739.1,-2680.7,-2528.2,-2332.8,-2142,-1984.1,-1870.3,-1802.6,-1505.6,-1521,-1567.1,-1643,-1745.1,-1864.1,-1981.3,-2069.7,-2103,-2069.7,-1981.3,-1864.1,-1745.1,-1643,-1567.1,-1521,-1250.9,-1261.3,-1292.3,-1342.4,-1408.2,-1482.6,-1553.7,-1606,-1625.4,-1606,-1553.7,-1482.6,-1408.2,-1342.4,-1292.3,-1261.3,-1037,-1044.1,-1065,-1098.5,-1141.5,-1189.1,-1233.5,-1265.6,-1277.3,-1265.6,-1233.5,-1189.1,-1141.5,-1098.5,-1065,-1044.1
1033.2,1040.5,1062,1096.4,1140.8,1190.1,1236.2,1269.6,1281.8,1269.6,1236.2,1190.1,1140.8,1096.4,1062,1040.5,1245.3,1256,1287.7,1339.2,1407,1484,1557.9,1612.4,1632.7,1612.4,1557.9,1484,1407,1339.2,1287.7,1256,1497.2,1512.9,1560,1637.8,1743,1866.1,1988,2080.5,2115.3,2080.5,1988,1866.1,1743,1637.8,1560,1512.9,1767.6,1790.4,1859.5,1975.9,2138.2,2335.6,2539.2,2699,2760.5,2699,2539.2,2335.6,2138.2,1975.9,1859.5,1790.4,1985.7,2016.9,2112.7,2278.1,2517.1,2821.3,3150.6,3419.4,3525.1,3419.4,3150.6,2821.3,2517.1,2278.1,2112.7,2016.9,1993.8,2031.3,2147.8,2353.9,2663.3,3076.2,3545.1,3942,4100.9,3942,3545.1,3076.2,2663.3,2353.9,2147.8,2031.3,1568.2,1602.1,1708.6,1901.4,2200.3,2615.7,3104.4,3525.9,3695.2,3525.9,3104.4,2615.7,2200.3,1901.4,1708.6,1602.1,608.65,622.92,667.93,750.48,881.11,1066.8,1288.8,1480.5,1556.9,1480.5,1288.8,1066.8,881.11,750.48,667.93,622.92,-608.65,-622.92,-667.93,-750.48,-881.11,-1066.8,-1288.8,-1480.5,-1556.9,-1480.5,-1288.8,-1066.8,-881.11,-750.48,-667.93,-622.92,-1568.2,-1602.1,-1708.6,-1901.4,-2200.3,-2615.7,-3104.4,-3525.9,-3695.2,-3525.9,-3104.4,-2615.7,-2200.3,-1901.4,-1708.6,-1602.1,-1993.8,-2031.3,-2147.8,-2353.9,-2663.3,-3076.2,-3545.1,-3942,-4100.9,-3942,-3545.1,-3076.2,-2663.3,-2353.9,-2147.8,-2031.3,-1985.7,-2016.9,-2112.7,-2278.1,-2517.1,-2821.3,-3150.6,-3419.4,-3525.1,-3419.4,-3150.6,-2821.3,-2517.1,-2278.1,-2112.7,-2016.9,-1767.6,-1790.4,-1859.5,-1975.9,-2138.2,-2335.6,-2539.2,-2699,-2760.5,-2699,-2539.2,-2335.6,-2138.2,-1975.9,-1859.5,-1790.4,-1497.2,-1512.9,-1560,-1637.8,-1743,-1866.1,-1988,-2080.5,-2115.3,-2080.5,-1988,-1866.1,-1743,-1637.8,-1560,-1512.9,-1245.3,-1256,-1287.7,-1339.2,-1407,-1484,-1557.9,-1612.4,-1632.7,-1612.4,-1557.9,-1484,-1407,-1339.2,-1287.7,-1256,-1033.2,-1040.5,-1062,-1096.4,-1140.8,-1190.1,-1236.2,-1269.6,-1281.8,-1269.6,-1236.2,-1190.1,-1140.8,-1096.4,-1062,-1040.5
1029.4,1036.9,1058.9,1094.3,1140.1,1191,1238.8,1273.6,1286.3,1273.6,1238.8,1191,1140.1,1094.3,1058.9,1036.9,1239.7,1250.6,1283.1,1335.9,1405.7,1485.3,1562.1,1618.9,1640.1,1618.9,1562.1,1485.3,1405.7,1335.9,1283.1,1250.6,1488.8,1504.8,1552.9,1632.6,1740.8,1868,1994.7,2091.3,2127.8,2091.3,1994.7,1868,1740.8,1632.6,1552.9,1504.8,1755.2,1778.4,1848.7,1967.6,2134.2,2338.2,2550.2,2717.5,2782,2717.5,2550.2,2338.2,2134.2,1967.6,1848.7,1778.4,1968.2,1999.9,2097.1,2265.6,2510.5,2824.8,3168,3450.3,3561.8,3450.3,3168,2824.8,2510.5,2265.6,2097.1,1999.9,1972.5,2010.4,2128.1,2337.5,2653.9,3080.4,3569.8,3987.9,4156.1,3987.9,3569.8,3080.4,2653.9,2337.5,2128.1,2010.4,1548.7,1582.8,1690.2,1885.5,2190.8,2619.9,3130.9,3575.9,3755.4,3575.9,3130.9,2619.9,2190.8,1885.5,1690.2,1582.8,600.43,614.76,660.08,743.6,876.93,1068.9,1301.3,1503.8,1584.8,1503.8,1301.3,1068.9,876.93,743.6,660.08,614.76,-600.43,-614.76,-660.08,-743.6,-876.93,-1068.9,-1301.3,-1503.8,-1584.8,-1503.8,-1301.3,-1068.9,-876.93,-743.6,-660.08,-614.76,-1548.7,-1582.8,-1690.2,-1885.5,-2190.8,-2619.9,-3130.9,-3575.9,-3755.4,-3575.9,-3130.9,-2619.9,-2190.8,-1885.5,-1690.2,-1582.8,-1972.5,-2010.4,-2128.1,-2337.5,-2653.9,-3080.4,-3569.8,-3987.9,-4156.1,-3987.9,-3569.8,-3080.4,-2653.9,-2337.5,-2128.1,-2010.4,-1968.2,-1999.9,-2097.1,-2265.6,-2510.5,-2824.8,-3168,-3450.3,-3561.8,-3450.3,-3168,-2824.8,-2510.5,-2265.6,-2097.1,-1999.9,-1755.2,-1778.4,-1848.7,-1967.6,-2134.2,-2338.2,-2550.2,-2717.5,-2782,-2717.5,-2550.2,-2338.2,-2134.2,-1967.6,-1848.7,-1778.4,-1488.8,-1504.8,-1552.9,-1632.6,-1740.8,-1868,-1994.7,-2091.3,-2127.8,-2091.3,-1994.7,-1868,-1740.8,-1632.6,-1552.9,-1504.8,-1239.7,-1250.6,-1283.1,-1335.9,-1405.7,-1485.3,-1562.1,-1618.9,-1640.1,-1618.9,-1562.1,-1485.3,-1405.7,-1335.9,-1283.1,-1250.6,-1029.4,-1036.9,-1058.9,-1094.3,-1140.1,-1191,-1238.8,-1273.6,-1286.3,-1273.6,-1238.8,-1191,-1140.1,-1094.3,-1058.9,-1036.9
1025.7,1033.3,1055.9,1092.2,1139.3,1191.9,1241.5,1277.6,1290.9,1277.6,1241.5,1191.9,1139.3,1092.2,1055.9,1033.3,1234.1,1245.3,1278.5,1332.6,1404.4,1486.6,1566.2,1625.4,1647.4,1625.4,1566.2,1486.6,1404.4,1332.6,1278.5,1245.3,1480.4,1496.8,1545.9,1627.4,1738.5,1869.8,2001.4,2102.1,2140.3,2102.1,2001.4,1869.8,1738.5,1627.4,1545.9,1496.8,1742.8,1766.4,1837.9,1959.3,2130.2,2340.7,2561,2736,2803.8,2736,2561,2340.7,2130.2,1959.3,1837.9,1766.4,1951,1983,2081.6,2253,2503.8,2828.1,3185.2,3481.4,3598.9,3481.4,3185.2,2828.1,2503.8,2253,2081.6,1983,1951.4,1989.6,2108.6,2321,2644.3,3084.2,3594.5,4034.4,4212.2,4034.4,3594.5,3084.2,2644.3,2321,2108.6,1989.6,1529.5,1563.8,1672,1869.6,2181,2623.7,3157.5,3626.7,3816.7,3626.7,3157.5,2623.7,2181,1869.6,1672,1563.8,592.36,606.74,652.31,736.71,872.62,1070.7,1313.9,1527.6,1613.3,1527.6,1313.9,1070.7,872.62,736.71,652.31,606.74,-592.36,-606.74,-652.31,-736.71,-872.62,-1070.7,-1313.9,-1527.6,-1613.3,-1527.6,-1313.9,-1070.7,-872.62,-736.71,-652.31,-606.74,-1529.5,-1563.8,-1672,-1869.6,-2181,-2623.7,-3157.5,-3626.7,-3816.7,-3626.7,-3157.5,-2623.7,-2181,-1869.6,-1672,-1563.8,-1951.4,-1989.6,-2108.6,-2321,-2644.3,-3084.2,-3594.5,-4034.4,-4212.2,-4034.4,-3594.5,-3084.2,-2644.3,-2321,-2108.6,-1989.6,-1951,-1983,-2081.6,-2253,-2503.8,-2828.1,-3185.2,-3481.4,-3598.9,-3481.4,-3185.2,-2828.1,-2503.8,-2253,-2081.6,-1983,-1742.8,-1766.4,-1837.9,-1959.3,-2130.2,-2340.7,-2561,-2736,-2803.8,-2736,-2561,-2340.7,-2130.2,-1959.3,-1837.9,-1766.4,-1480.4,-1496.8,-1545.9,-1627.4,-1738.5,-1869.8,-2001.4,-2102.1,-2140.3,-2102.1,-2001.4,-1869.8,-1738.5,-1627.4,-1545.9,-1496.8,-1234.1,-1245.3,-1278.5,-1332.6,-1404.4,-1486.6,-1566.2,-1625.4,-1647.4,-1625.4,-1566.2,-1486.6,-1404.4,-1332.6,-1278.5,-1245.3,-1025.7,-1033.3,-1055.9,-1092.2,-1139.3,-1191.9,-1241.5,-1277.6,-1290.9,-1277.6,-1241.5,-1191.9,-1139.3,-1092.2,-1055.9,-1033.3
1021.9,1029.8,1052.9,1090,1138.5,1192.8,1244.1,1281.6,1295.4,1281.6,1244.1,1192.8,1138.5,1090,1052.9,1029.8,1228.6,1239.9,1273.9,1329.3,1403.1,1487.9,1570.3,1631.9,1654.9,1631.9,1570.3,1487.9,1403.1,1329.3,1273.9,1239.9,1472.1,1488.7,1538.8,1622.1,1736.1,1871.6,2008.1,2113,2152.9,2113,2008.1,1871.6,1736.1,1622.1,1538.8,1488.7,1730.6,1754.5,1827.2,1950.9,2126,2343.1,2571.9,2754.7,2825.8,2754.7,2571.9,2343.1,2126,1950.9,1827.2,1754.5,1933.9,1966.3,2066.1,2240.4,2496.8,2831,3202.4,3512.8,3636.5,3512.8,3202.4,2831,2496.8,2240.4,2066.1,1966.3,1930.7,1969.2,2089.3,2304.6,2634.4,3087.6,3619.1,4081.5,4269.3,4081.5,3619.1,3087.6,2634.4,2304.6,2089.3,1969.2,1510.6,1545.1,1654,1853.7,2171,2627.1,3184.1,3678.4,3879.3,3678.4,3184.1,2627.1,2171,1853.7,1654,1545.1,584.44,598.85,644.63,729.82,868.18,1072.4,1326.5,1551.8,1642.3,1551.8,1326.5,1072.4,868.18,729.82,644.63,598.85,-584.44,-598.85,-644.63,-729.82,-868.18,-1072.4,-1326.5,-1551.8,-1642.3,-1551.8,-1326.5,-1072.4,-868.18,-729.82,-644.63,-598.85,-1510.6,-1545.1,-1654,-1853.7,-2171,-2627.1,-3184.1,-3678.4,-3879.3,-3678.4,-3184.1,-2627.1,-2171,-1853.7,-1654,-1545.1,-1930.7,-1969.2,-2089.3,-2304.6,-2634.4,-3087.6,-3619.1,-4081.5,-4269.3,-4081.5,-3619.1,-3087.6,-2634.4,-2304.6,-2089.3,-1969.2,-1933.9,-1966.3,-2066.1,-2240.4,-2496.8,-2831,-3202.4,-3512.8,-3636.5,-3512.8,-3202.4,-2831,-2496.8,-2240.4,-2066.1,-1966.3,-1730.6,-1754.5,-1827.2,-1950.9,-2126,-2343.1,-2571.9,-2754.7,-2825.8,-2754.7,-2571.9,-2343.1,-2126,-1950.9,-1827.2,-1754.5,-1472.1,-1488.7,-1538.8,-1622.1,-1736.1,-1871.6,-2008.1,-2113,-2152.9,-2113,-2008.1,-1871.6,-1736.1,-1622.1,-1538.8,-1488.7,-1228.6,-1239.9,-1273.9,-1329.3,-1403.1,-1487.9,-1570.3,-1631.9,-1654.9,-1631.9,-1570.3,-1487.9,-1403.1,-1329.3,-1273.9,-1239.9,-1021.9,-1029.8,-1052.9,-1090,-1138.5,-1192.8,-1244.1,-1281.6,-1295.4,-1281.6,-1244.1,-1192.8,-1138.5,-1090,-1052.9,-1029.8
1018.2,1026.2,1049.8,1087.9,1137.7,1193.6,1246.7,1285.6,1300,1285.6,1246.7,1193.6,1137.7,1087.9,1049.8,1026.2,1223.1,1234.6,1269.3,1326,1401.7,1489.1,1574.4,1638.4,1662.3,1638.4,1574.4,1489.1,1401.7,1326,1269.3,1234.6,1463.9,1480.8,1531.7,1616.8,1733.7,1873.3,2014.7,2123.9,2165.6,2123.9,2014.7,1873.3,1733.7,1616.8,1531.7,1480.8,1718.5,1742.7,1816.5,1942.5,2121.7,2345.4,2582.7,2773.5,2847.9,2773.5,2582.7,2345.4,2121.7,1942.5,1816.5,1742.7,1917.1,1949.8,2050.8,2227.8,2489.7,2833.8,3219.6,3544.5,3674.6,3544.5,3219.6,2833.8,2489.7,2227.8,2050.8,1949.8,1910.2,1949,2070.1,2288,2624.2,3090.6,3643.6,4129.1,4327.3,4129.1,3643.6,3090.6,2624.2,2288,2070.1,1949,1492,1526.7,1636.1,1837.8,2160.6,2630,3210.7,3730.8,3943.2,3730.8,3210.7,2630,2160.6,1837.8,1636.1,1526.7,576.66,591.09,637.03,722.92,863.61,1073.9,1339.2,1576.5,1672.1,1576.5,1339.2,1073.9,863.61,722.92,637.03,591.09,-576.66,-591.09,-637.03,-722.92,-863.61,-1073.9,-1339.2,-1576.5,-1672.1,-1576.5,-1339.2,-1073.9,-863.61,-722.92,-637.03,-591.09,-1492,-1526.7,-1636.1,-1837.8,-2160.6,-2630,-3210.7,-3730.8,-3943.2,-3730.8,-3210.7,-2630,-2160.6,-1837.8,-1636.1,-1526.7,-1910.2,-1949,-2070.1,-2288,-2624.2,-3090.6,-3643.6,-4129.1,-4327.3,-4129.1,-3643.6,-3090.6,-2624.2,-2288,-2070.1,-1949,-1917.1,-1949.8,-2050.8,-2227.8,-2489.7,-2833.8,-3219.6,-3544.5,-3674.6,-3544.5,-3219.6,-2833.8,-2489.7,-2227.8,-2050.8,-1949.8,-1718.5,-1742.7,-1816.5,-1942.5,-2121.7,-2345.4,-2582.7,-2773.5,-2847.9,-2773.5,-2582.7,-2345.4,-2121.7,-1942.5,-1816.5,-1742.7,-1463.9,-1480.8,-1531.7,-1616.8,-1733.7,-1873.3,-2014.7,-2123.9,-2165.6,-2123.9,-2014.7,-1873.3,-1733.7,-1616.8,-1531.7,-1480.8,-1223.1,-1234.6,-1269.3,-1326,-1401.7,-1489.1,-1574.4,-1638.4,-1662.3,-1638.4,-1574.4,-1489.1,-1401.7,-1326,-1269.3,-1234.6,-1018.2,-1026.2,-1049.8,-1087.9,-1137.7,-1193.6,-1246.7,-1285.6,-1300,-1285.6,-1246.7,-1193.6,-1137.7,-1087.9,-1049.8,-1026.2
1014.5,1022.6,1046.8,1085.8,1136.8,1194.4,1249.3,1289.6,1304.5,1289.6,1249.3,1194.4,1136.8,1085.8,1046.8,1022.6,1217.6,1229.4,1264.7,1322.6,1400.3,1490.3,1578.5,1644.9,1669.8,1644.9,1578.5,1490.3,1400.3,1322.6,1264.7,1229.4,1455.7,1472.9,1524.7,1611.5,1731.1,1874.9,2021.3,2134.9,2178.4,2134.9,2021.3,1874.9,1731.1,1611.5,1524.7,1472.9,1706.5,1731,1805.9,1934.1,2117.3,2347.5,2593.4,2792.4,2870.3,2792.4,2593.4,2347.5,2117.3,1934.1,1805.9,1731,1900.4,1933.4,2035.5,2215.2,2482.4,2836.2,3236.6,3576.5,3713.2,3576.5,3236.6,2836.2,2482.4,2215.2,2035.5,1933.4,1890.1,1929,2051,2271.5,2613.8,3093.2,3668,4177.4,4386.4,4177.4,3668,3093.2,2613.8,2271.5,2051,1929,1473.8,1508.5,1618.4,1821.8,2150,2632.6,3237.3,3784.2,4008.3,3784.2,3237.3,2632.6,2150,1821.8,1618.4,1508.5,569.01,583.46,629.52,716.03,858.92,1075.2,1351.9,1601.6,1702.4,1601.6,1351.9,1075.2,858.92,716.03,629.52,583.46,-569.01,-583.46,-629.52,-716.03,-858.92,-1075.2,-1351.9,-1601.6,-1702.4,-1601.6,-1351.9,-1075.2,-858.92,-716.03,-629.52,-583.46,-1473.8,-1508.5,-1618.4,-1821.8,-2150,-2632.6,-3237.3,-3784.2,-4008.3,-3784.2,-3237.3,-2632.6,-2150,-1821.8,-1618.4,-1508.5,-1890.1,-1929,-2051,-2271.5,-2613.8,-3093.2,-3668,-4177.4,-4386.4,-4177.4,-3668,-3093.2,-2613.8,-2271.5,-2051,-1929,-1900.4,-1933.4,-2035.5,-2215.2,-2482.4,-2836.2,-3236.6,-3576.5,-3713.2,-3576.5,-3236.6,-2836.2,-2482.4,-2215.2,-2035.5,-1933.4,-1706.5,-1731,-1805.9,-1934.1,-2117.3,-2347.5,-2593.4,-2792.4,-2870.3,-2792.4,-2593.4,-2347.5,-2117.3,-1934.1,-1805.9,-1731,-1455.7,-1472.9,-1524.7,-1611.5,-1731.1,-1874.9,-2021.3,-2134.9,-2178.4,-2134.9,-2021.3,-1874.9,-1731.1,-1611.5,-1524.7,-1472.9,-1217.6,-1229.4,-1264.7,-1322.6,-1400.3,-1490.3,-1578.5,-1644.9,-1669.8,-1644.9,-1578.5,-1490.3,-1400.3,-1322.6,-1264.7,-1229.4,-1014.5,-1022.6,-1046.8,-1085.8,-1136.8,-1194.4,-1249.3,-1289.6,-1304.5,-1289.6,-1249.3,-1194.4,-1136.8,-1085.8,-1046.8,-1022.6
1010.8,1019.1,1043.7,1083.6,1136,1195.2,1251.9,1293.6,1309.1,1293.6,1251.9,1195.2,1136,1083.6,1043.7,1019.1,1212.1,1224.1,1260.1,1319.2,1398.8,1491.4,1582.6,1651.4,1677.3,1651.4,1582.6,1491.4,1398.8,1319.2,1260.1,1224.1,1447.6,1465,1517.7,1606.1,1728.6,1876.4,2027.8,2145.9,2191.2,2145.9,2027.8,1876.4,1728.6,1606.1,1517.7,1465,1694.5,1719.4,1795.3,1925.7,2112.8,2349.4,2604,2811.4,2892.9,2811.4,2604,2349.4,2112.8,1925.7,1795.3,1719.4,1883.9,1917.2,2020.4,2202.5,2474.9,2838.5,3253.5,3608.7,3752.3,3608.7,3253.5,2838.5,2474.9,2202.5,2020.4,1917.2,1870.2,1909.3,2032.1,2254.9,2603.1,3095.5,3692.3,4226.3,4446.4,4226.3,3692.3,3095.5,2603.1,2254.9,2032.1,1909.3,1455.8,1490.6,1600.9,1805.9,2139.1,2634.8,3263.9,3838.4,4074.7,3838.4,3263.9,2634.8,2139.1,1805.9,1600.9,1490.6,561.51,575.95,622.09,709.13,854.1,1076.3,1364.6,1627.2,1733.5,1627.2,1364.6,1076.3,854.1,709.13,622.09,575.95,-561.51,-575.95,-622.09,-709.13,-854.1,-1076.3,-1364.6,-1627.2,-1733.5,-1627.2,-1364.6,-1076.3,-854.1,-709.13,-622.09,-575.95,-1455.8,-1490.6,-1600.9,-1805.9,-2139.1,-2634.8,-3263.9,-3838.4,-4074.7,-3838.4,-3263.9,-2634.8,-2139.1,-1805.9,-1600.9,-1490.6,-1870.2,-1909.3,-2032.1,-2254.9,-2603.1,-3095.5,-3692.3,-4226.3,-4446.4,-4226.3,-3692.3,-3095.5,-2603.1,-2254.9,-2032.1,-1909.3,-1883.9,-1917.2,-2020.4,-2202.5,-2474.9,-2838.5,-3253.5,-3608.7,-3752.3,-3608.7,-3253.5,-2838.5,-2474.9,-2202.5,-2020.4,-1917.2,-1694.5,-1719.4,-1795.3,-1925.7,-2112.8,-2349.4,-2604,-2811.4,-2892.9,-2811.4,-2604,-2349.4,-2112.8,-1925.7,-1795.3,-1719.4,-1447.6,-1465,-1517.7,-1606.1,-1728.6,-1876.4,-2027.8,-2145.9,-2191.2,-2145.9,-2027.8,-1876.4,-1728.6,-1606.1,-1517.7,-1465,-1212.1,-1224.1,-1260.1,-1319.2,-1398.8,-1491.4,-1582.6,-1651.4,-1677.3,-1651.4,-1582.6,-1491.4,-1398.8,-1319.2,-1260.1,-1224.1,-1010.8,-1019.1,-1043.7,-1083.6,-1136,-1195.2,-1251.9,-1293.6,-1309.1,-1293.6,-1251.9,-1195.2,-1136,-1083.6,-1043.7,-1019.1
1007.1,1015.6,1040.7,1081.4,1135.1,1196,1254.5,1297.7,1313.7,1297.7,1254.5,1196,1135.1,1081.4,1040.7,1015.6,1206.6,1218.9,1255.5,1315.8,1397.3,1492.5,1586.6,1658,1684.9,1658,1586.6,1492.5,1397.3,1315.8,1255.5,1218.9,1439.5,1457.2,1510.7,1600.7,1725.9,1877.9,2034.3,2157,2204.1,2157,2034.3,1877.9,1725.9,1600.7,1510.7,1457.2,1682.7,1707.8,1784.7,1917.2,2108.2,2351.2,2614.6,2830.5,2915.7,2830.5,2614.6,2351.2,2108.2,1917.2,1784.7,1707.8,1867.6,1901.2,2005.3,2189.7,2467.2,2840.4,3270.3,3641.3,3791.9,3641.3,3270.3,2840.4,2467.2,2189.7,2005.3,1901.2,1850.6,1889.9,2013.4,2238.3,2592.2,3097.3,3716.5,4275.8,4507.5,4275.8,3716.5,3097.3,2592.2,2238.3,2013.4,1889.9,1438.2,1473,1583.6,1790,2128,2636.5,3290.4,3893.5,4142.5,3893.5,3290.4,2636.5,2128,1790,1583.6,1473,554.13,568.56,614.74,702.25,849.16,1077.3,1377.5,1653.3,1765.1,1653.3,1377.5,1077.3,849.16,702.25,614.74,568.56,-554.13,-568.56,-614.74,-702.25,-849.16,-1077.3,-1377.5,-1653.3,-1765.1,-1653.3,-1377.5,-1077.3,-849.16,-702.25,-614.74,-568.56,-1438.2,-1473,-1583.6,-1790,-2128,-2636.5,-3290.4,-3893.5,-4142.5,-3893.5,-3290.4,-2636.5,-2128,-1790,-1583.6,-1473,-1850.6,-1889.9,-2013.4,-2238.3,-2592.2,-3097.3,-3716.5,-4275.8,-4507.5,-4275.8,-3716.5,-3097.3,-2592.2,-2238.3,-2013.4,-1889.9,-1867.6,-1901.2,-2005.3,-2189.7,-2467.2,-2840.4,-3270.3,-3641.3,-3791.9,-3641.3,-3270.3,-2840.4,-2467.2,-2189.7,-2005.3,-1901.2,-1682.7,-1707.8,-1784.7,-1917.2,-2108.2,-2351.2,-2614.6,-2830.5,-2915.7,-2830.5,-2614.6,-2351.2,-2108.2,-1917.2,-1784.7,-1707.8,-1439.5,-1457.2,-1510.7,-1600.7,-1725.9,-1877.9,-2034.3,-2157,-2204.1,-2157,-2034.3,-1877.9,-1725.9,-1600.7,-1510.7,-1457.2,-1206.6,-1218.9,-1255.5,-1315.8,-1397.3,-1492.5,-1586.6,-1658,-1684.9,-1658,-1586.6,-1492.5,-1397.3,-1315.8,-1255.5,-1218.9,-1007.1,-1015.6,-1040.7,-1081.4,-1135.1,-1196,-1254.5,-1297.7,-1313.7,-1297.7,-1254.5,-1196,-1135.1,-1081.4,-1040.7,-1015.6
1003.5,1012.1,1037.6,1079.2,1134.2,1196.8,1257,1301.7,1318.3,1301.7,1257,1196.8,1134.2,1079.2,1037.6,1012.1,1201.2,1213.6,1250.9,1312.4,1395.7,1493.5,1590.6,1664.5,1692.4,1664.5,1590.6,1493.5,1395.7,1312.4,1250.9,1213.6,1431.5,1449.4,1503.7,1595.3,1723.2,1879.2,2040.8,2168.1,2217.2,2168.1,2040.8,1879.2,1723.2,1595.3,1503.7,1449.4,1671,1696.4,1774.2,1908.6,2103.5,2352.9,2625.2,2849.7,2938.7,2849.7,2625.2,2352.9,2103.5,1908.6,1774.2,1696.4,1851.5,1885.3,1990.3,2177,2459.3,2842.1,3287,3674.1,3832,3674.1,3287,2842.1,2459.3,2177,1990.3,1885.3,1831.2,1870.7,1994.8,2221.7,2581,3098.7,3740.5,4325.9,4569.6,4325.9,3740.5,3098.7,2581,2221.7,1994.8,1870.7,1420.8,1455.6,1566.4,1774.1,2116.6,2637.7,3317,3949.6,4211.7,3949.6,3317,2637.7,2116.6,1774.1,1566.4,1455.6,546.88,561.3,607.49,695.36,844.09,1078,1390.3,1679.9,1797.5,1679.9,1390.3,1078,844.09,695.36,607.49,561.3,-546.88,-561.3,-607.49,-695.36,-844.09,-1078,-1390.3,-1679.9,-1797.5,-1679.9,-1390.3,-1078,-844.09,-695.36,-607.49,-561.3,-1420.8,-1455.6,-1566.4,-1774.1,-2116.6,-2637.7,-3317,-3949.6,-4211.7,-3949.6,-3317,-2637.7,-2116.6,-1774.1,-1566.4,-1455.6,-1831.2,-1870.7,-1994.8,-2221.7,-2581,-3098.7,-3740.5,-4325.9,-4569.6,-4325.9,-3740.5,-3098.7,-2581,-2221.7,-1994.8,-1870.7,-1851.5,-1885.3,-1990.3,-2177,-2459.3,-2842.1,-3287,-3674.1,-3832,-3674.1,-3287,-2842.1,-2459.3,-2177,-1990.3,-1885.3,-1671,-1696.4,-1774.2,-1908.6,-2103.5,-2352.9,-2625.2,-2849.7,-2938.7,-2849.7,-2625.2,-2352.9,-2103.5,-1908.6,-1774.2,-1696.4,-1431.5,-1449.4,-1503.7,-1595.3,-1723.2,-1879.2,-2040.8,-2168.1,-2217.2,-2168.1,-2040.8,-1879.2,-1723.2,-1595.3,-1503.7,-1449.4,-1201.2,-1213.6,-1250.9,-1312.4,-1395.7,-1493.5,-1590.6,-1664.5,-1692.4,-1664.5,-1590.6,-1493.5,-1395.7,-1312.4,-1250.9,-1213.6,-1003.5,-1012.1,-1037.6,-1079.2,-1134.2,-1196.8,-1257,-1301.7,-1318.3,-1301.7,-1257,-1196.8,-1134.2,-1079.2,-1037.6,-1012.1
999.79,1008.5,1034.6,1077,1133.3,1197.5,1259.6,1305.7,1322.9,1305.7,1259.6,1197.5,1133.3,1077,1034.6,1008.5,1195.8,1208.5,1246.3,1309,1394.2,1494.5,1594.6,1671.1,1700,1671.1,1594.6,1494.5,1394.2,1309,1246.3,1208.5,1423.5,1441.6,1496.7,1589.9,1720.5,1880.5,2047.2,2179.2,2230.2,2179.2,2047.2,1880.5,1720.5,1589.9,1496.7,1441.6,1659.4,1685,1763.7,1900.1,2098.6,2354.4,2635.6,2869.1,2961.9,2869.1,2635.6,2354.4,2098.6,1900.1,1763.7,1685,1835.6,1869.6,1975.5,2164.2,2451.3,2843.5,3303.6,3707.2,3872.6,3707.2,3303.6,2843.5,2451.3,2164.2,1975.5,1869.6,1812.2,1851.7,1976.4,2205.1,2569.5,3099.7,3764.5,4376.7,4632.8,4376.7,3764.5,3099.7,2569.5,2205.1,1976.4,1851.7,1403.7,1438.5,1549.5,1758.1,2104.9,2638.5,3343.5,4006.6,4282.2,4006.6,3343.5,2638.5,2104.9,1758.1,1549.5,1438.5,539.76,554.15,600.31,688.49,838.91,1078.5,1403.2,1707.1,1830.6,1707.1,1403.2,1078.5,838.91,688.49,600.31,554.15,-539.76,-554.15,-600.31,-688.49,-838.91,-1078.5,-1403.2,-1707.1,-1830.6,-1707.1,-1403.2,-1078.5,-838.91,-688.49,-600.31,-554.15,-1403.7,-1438.5,-1549.5,-1758.1,-2104.9,-2638.5,-3343.5,-4006.6,-4282.2,-4006.6,-3343.5,-2638.5,-2104.9,-1758.1,-1549.5,-1438.5,-1812.2,-1851.7,-1976.4,-2205.1,-2569.5,-3099.7,-3764.5,-4376.7,-4632.8,-4376.7,-3764.5,-3099.7,-2569.5,-2205.1,-1976.4,-1851.7,-1835.6,-1869.6,-1975.5,-2164.2,-2451.3,-2843.5,-3303.6,-3707.2,-3872.6,-3707.2,-3303.6,-2843.5,-2451.3,-2164.2,-1975.5,-1869.6,-1659.4,-1685,-1763.7,-1900.1,-2098.6,-2354.4,-2635.6,-2869.1,-2961.9,-2869.1,-2635.6,-2354.4,-2098.6,-1900.1,-1763.7,-1685,-1423.5,-1441.6,-1496.7,-1589.9,-1720.5,-1880.5,-2047.2,-2179.2,-2230.2,-2179.2,-2047.2,-1880.5,-1720.5,-1589.9,-1496.7,-1441.6,-1195.8,-1208.5,-1246.3,-1309,-1394.2,-1494.5,-1594.6,-1671.1,-1700,-1671.1,-1594.6,-1494.5,-1394.2,-1309,-1246.3,-1208.5,-999.79,-1008.5,-1034.6,-1077,-1133.3,-1197.5,-1259.6,-1305.7,-1322.9,-1305.7,-1259.6,-1197.5,-1133.3,-1077,-1034.6,-1008.5
996.14,1005,1031.6,1074.8,1132.3,1198.2,1262.1,1309.7,1327.5,1309.7,1262.1,1198.2,1132.3,1074.8,1031.6,1005,1190.5,1203.3,1241.7,1305.6,1392.5,1495.4,1598.6,1677.7,1707.7,1677.7,1598.6,1495.4,1392.5,1305.6,1241.7,1203.3,1415.6,1433.9,1489.8,1584.5,1717.6,1881.7,2053.6,2190.4,2243.4,2190.4,2053.6,1881.7,1717.6,1584.5,1489.8,1433.9,1647.9,1673.8,1753.3,1891.5,2093.7,2355.7,2646,2888.5,2985.4,2888.5,2646,2355.7,2093.7,1891.5,1753.3,1673.8,1819.8,1854,1960.7,2151.4,2443,2844.6,3320.1,3740.6,3913.8,3740.6,3320.1,2844.6,2443,2151.4,1960.7,1854,1793.4,1833,1958.2,2188.5,2557.8,3100.2,3788.3,4428.1,4697.1,4428.1,3788.3,3100.2,2557.8,2188.5,1958.2,1833,1386.9,1421.6,1532.7,1742.2,2092.9,2638.8,3370,4064.5,4354.2,4064.5,3370,2638.8,2092.9,1742.2,1532.7,1421.6,532.77,547.11,593.22,681.63,833.6,1078.8,1416.2,1734.7,1864.3,1734.7,1416.2,1078.8,833.6,681.63,593.22,547.11,-532.77,-547.11,-593.22,-681.63,-833.6,-1078.8,-1416.2,-1734.7,-1864.3,-1734.7,-1416.2,-1078.8,-833.6,-681.63,-593.22,-547.11,-1386.9,-1421.6,-1532.7,-1742.2,-2092.9,-2638.8,-3370,-4064.5,-4354.2,-4064.5,-3370,-2638.8,-2092.9,-1742.2,-1532.7,-1421.6,-1793.4,-1833,-1958.2,-2188.5,-2557.8,-3100.2,-3788.3,-4428.1,-4697.1,-4428.1,-3788.3,-3100.2,-2557.8,-2188.5,-1958.2,-1833,-1819.8,-1854,-1960.7,-2151.4,-2443,-2844.6,-3320.1,-3740.6,-3913.8,-3740.6,-3320.1,-2844.6,-2443,-2151.4,-1960.7,-1854,-1647.9,-1673.8,-1753.3,-1891.5,-2093.7,-2355.7,-2646,-2888.5,-2985.4,-2888.5,-2646,-2355.7,-2093.7,-1891.5,-1753.3,-1673.8,-1415.6,-1433.9,-1489.8,-1584.5,-1717.6,-1881.7,-2053.6,-2190.4,-2243.4,-2190.4,-2053.6,-1881.7,-1717.6,-1584.5,-1489.8,-1433.9,-1190.5,-1203.3,-1241.7,-1305.6,-1392.5,-1495.4,-1598.6,-1677.7,-1707.7,-1677.7,-1598.6,-1495.4,-1392.5,-1305.6,-1241.7,-1203.3,-996.14,-1005,-1031.6,-1074.8,-1132.3,-1198.2,-1262.1,-1309.7,-1327.5,-1309.7,-1262.1,-1198.2,-1132.3,-1074.8,-1031.6,-1005
992.51,1001.6,1028.5,1072.6,1131.3,1198.9,1264.6,1313.8,1332.1,1313.8,1264.6,1198.9,1131.3,1072.6,1028.5,1001.6,1185.1,1198.1,1237.2,1302.1,1390.9,1496.3,1602.6,1684.3,1715.3,1684.3,1602.6,1496.3,1390.9,1302.1,1237.2,1198.1,1407.7,1426.3,1482.8,1579,1714.7,1882.9,2059.9,2201.6,2256.7,2201.6,2059.9,1882.9,1714.7,1579,1482.8,1426.3,1636.5,1662.6,1742.9,1882.9,2088.6,2357,2656.3,2908.1,3009,2908.1,2656.3,2357,2088.6,1882.9,1742.9,1662.6,1804.2,1838.6,1946,2138.6,2434.7,2845.5,3336.5,3774.3,3955.5,3774.3,3336.5,2845.5,2434.7,2138.6,1946,1838.6,1774.8,1814.5,1940.1,2171.9,2545.8,3100.4,3811.9,4480.1,4762.5,4480.1,3811.9,3100.4,2545.8,2171.9,1940.1,1814.5,1370.3,1405,1516,1726.4,2080.7,2638.7,3396.4,4123.4,4427.7,4123.4,3396.4,2638.7,2080.7,1726.4,1516,1405,525.9,540.19,586.21,674.77,828.17,1078.9,1429.1,1762.9,1898.8,1762.9,1429.1,1078.9,828.17,674.77,586.21,540.19,-525.9,-540.19,-586.21,-674.77,-828.17,-1078.9,-1429.1,-1762.9,-1898.8,-1762.9,-1429.1,-1078.9,-828.17,-674.77,-586.21,-540.19,-1370.3,-1405,-1516,-1726.4,-2080.7,-2638.7,-3396.4,-4123.4,-4427.7,-4123.4,-3396.4,-2638.7,-2080.7,-1726.4,-1516,-1405,-1774.8,-1814.5,-1940.1,-2171.9,-2545.8,-3100.4,-3811.9,-4480.1,-4762.5,-4480.1,-3811.9,-3100.4,-2545.8,-2171.9,-1940.1,-1814.5,-1804.2,-1838.6,-1946,-2138.6,-2434.7,-2845.5,-3336.5,-3774.3,-3955.5,-3774.3,-3336.5,-2845.5,-2434.7,-2138.6,-1946,-1838.6,-1636.5,-1662.6,-1742.9,-1882.9,-2088.6,-2357,-2656.3,-2908.1,-3009,-2908.1,-2656.3,-2357,-2088.6,-1882.9,-1742.9,-1662.6,-1407.7,-1426.3,-1482.8,-1579,-1714.7,-1882.9,-2059.9,-2201.6,-2256.7,-2201.6,-2059.9,-1882.9,-1714.7,-1579,-1482.8,-1426.3,-1185.1,-1198.1,-1237.2,-1302.1,-1390.9,-1496.3,-1602.6,-1684.3,-1715.3,-1684.3,-1602.6,-1496.3,-1390.9,-1302.1,-1237.2,-1198.1,-992.51,-1001.6,-1028.5,-1072.6,-1131.3,-1198.9,-1264.6,-1313.8,-1332.1,-1313.8,-1264.6,-1198.9,-1131.3,-1072.6,-1028.5,-1001.6
988.88,998.07,1025.5,1070.4,1130.3,1199.5,1267.2,1317.8,1336.8,1317.8,1267.2,1199.5,1130.3,1070.4,1025.5,998.07,1179.8,1193,1232.6,1298.6,1389.2,1497.2,1606.5,1690.9,1723,1690.9,1606.5,1497.2,1389.2,1298.6,1232.6,1193,1399.9,1418.7,1475.9,1573.5,1711.8,1883.9,2066.3,2212.8,2270,2212.8,2066.3,1883.9,1711.8,1573.5,1475.9,1418.7,1625.2,1651.5,1732.5,1874.3,2083.4,2358,2666.5,2927.8,3032.9,2927.8,2666.5,2358,2083.4,1874.3,1732.5,1651.5,1788.8,1823.4,1931.4,2125.7,2426.1,2846.1,3352.7,3808.3,3997.8,3808.3,3352.7,2846.1,2426.1,2125.7,1931.4,1823.4,1756.5,1796.3,1922.1,2155.3,2533.7,3100.1,3835.4,4532.8,4829,4532.8,3835.4,3100.1,2533.7,2155.3,1922.1,1796.3,1354,1388.7,1499.6,1710.5,2068.3,2638.1,3422.8,4183.4,4502.6,4183.4,3422.8,2638.1,2068.3,1710.5,1499.6,1388.7,519.14,533.38,579.28,667.94,822.63,1078.7,1442.2,1791.7,1934.1,1791.7,1442.2,1078.7,822.63,667.94,579.28,533.38,-519.14,-533.38,-579.28,-667.94,-822.63,-1078.7,-1442.2,-1791.7,-1934.1,-1791.7,-1442.2,-1078.7,-822.63,-667.94,-579.28,-533.38,-1354,-1388.7,-1499.6,-1710.5,-2068.3,-2638.1,-3422.8,-4183.4,-4502.6,-4183.4,-3422.8,-2638.1,-2068.3,-1710.5,-1499.6,-1388.7,-1756.5,-1796.3,-1922.1,-2155.3,-2533.7,-3100.1,-3835.4,-4532.8,-4829,-4532.8,-3835.4,-3100.1,-2533.7,-2155.3,-1922.1,-1796.3,-1788.8,-1823.4,-1931.4,-2125.7,-2426.1,-2846.1,-3352.7,-3808.3,-3997.8,-3808.3,-3352.7,-2846.1,-2426.1,-2125.7,-1931.4,-1823.4,-1625.2,-1651.5,-1732.5,-1874.3,-2083.4,-2358,-2666.5,-2927.8,-3032.9,-2927.8,-2666.5,-2358,-2083.4,-1874.3,-1732.5,-1651.5,-1399.9,-1418.7,-1475.9,-1573.5,-1711.8,-1883.9,-2066.3,-2212.8,-2270,-2212.8,-2066.3,-1883.9,-1711.8,-1573.5,-1475.9,-1418.7,-1179.8,-1193,-1232.6,-1298.6,-1389.2,-1497.2,-1606.5,-1690.9,-1723,-1690.9,-1606.5,-1497.2,-1389.2,-1298.6,-1232.6,-1193,-988.88,-998.07,-1025.5,-1070.4,-1130.3,-1199.5,-1267.2,-1317.8,-1336.8,-1317.8,-1267.2,-1199.5,-1130.3,-1070.4,-1025.5,-998.07
985.27,994.59,1022.4,1068.1,1129.3,1200.2,1269.6,1321.9,1341.4,1321.9,1269.6,1200.2,1129.3,1068.1,1022.4,994.59,1174.5,1187.9,1228,1295.1,1387.4,1498,1610.4,1697.5,1730.8,1697.5,1610.4,1498,1387.4,1295.1,1228,1187.9,1392.1,1411.1,1469,1568,1708.8,1884.9,2072.5,2224.1,2283.4,2224.1,2072.5,1884.9,1708.8,1568,1469,1411.1,1614,1640.5,1722.2,1865.6,2078.2,2358.9,2676.7,2947.6,3057,2947.6,2676.7,2358.9,2078.2,1865.6,1722.2,1640.5,1773.6,1808.3,1916.9,2112.8,2417.3,2846.4,3368.8,3842.6,4040.6,3842.6,3368.8,2846.4,2417.3,2112.8,1916.9,1808.3,1738.5,1778.3,1904.3,2138.7,2521.2,3099.3,3858.7,4586.2,4896.7,4586.2,3858.7,3099.3,2521.2,2138.7,1904.3,1778.3,1338,1372.5,1483.4,1694.7,2055.6,2637,3449.1,4244.3,4579,4244.3,3449.1,2637,2055.6,1694.7,1483.4,1372.5,512.5,526.68,572.44,661.11,816.97,1078.4,1455.2,1821.1,1970,1821.1,1455.2,1078.4,816.97,661.11,572.44,526.68,-512.5,-526.68,-572.44,-661.11,-816.97,-1078.4,-1455.2,-1821.1,-1970,-1821.1,-1455.2,-1078.4,-816.97,-661.11,-572.44,-526.68,-1338,-1372.5,-1483.4,-1694.7,-2055.6,-2637,-3449.1,-4244.3,-4579,-4244.3,-3449.1,-2637,-2055.6,-1694.7,-1483.4,-1372.5,-1738.5,-1778.3,-1904.3,-2138.7,-2521.2,-3099.3,-3858.7,-4586.2,-4896.7,-4586.2,-3858.7,-3099.3,-2521.2,-2138.7,-1904.3,-1778.3,-1773.6,-1808.3,-1916.9,-2112.8,-2417.3,-2846.4,-3368.8,-3842.6,-4040.6,-3842.6,-3368.8,-2846.4,-2417.3,-2112.8,-1916.9,-1808.3,-1614,-1640.5,-1722.2,-1865.6,-2078.2,-2358.9,-2676.7,-2947.6,-3057,-2947.6,-2676.7,-2358.9,-2078.2,-1865.6,-1722.2,-1640.5,-1392.1,-1411.1,-1469,-1568,-1708.8,-1884.9,-2072.5,-2224.1,-2283.4,-2224.1,-2072.5,-1884.9,-1708.8,-1568,-1469,-1411.1,-1174.5,-1187.9,-1228,-1295.1,-1387.4,-1498,-1610.4,-1697.5,-1730.8,-1697.5,-1610.4,-1498,-1387.4,-1295.1,-1228,-1187.9,-985.27,-994.59,-1022.4,-1068.1,-1129.3,-1200.2,-1269.6,-1321.9,-1341.4,-1321.9,-1269.6,-1200.2,-1129.3,-1068.1,-1022.4,-994.59
981.67,991.13,1019.4,1065.9,1128.3,1200.8,1272.1,1325.9,1346.1,1325.9,1272.1,1200.8,1128.3,1065.9,1019.4,991.13,1169.3,1182.8,1223.5,1291.6,1385.7,1498.8,1614.3,1704.1,1738.5,1704.1,1614.3,1498.8,1385.7,1291.6,1223.5,1182.8,1384.4,1403.6,1462.1,1562.4,1705.7,1885.8,2078.7,2235.4,2296.9,2235.4,2078.7,1885.8,1705.7,1562.4,1462.1,1403.6,1602.8,1629.5,1712,1857,2072.8,2359.7,2686.8,2967.5,3081.3,2967.5,2686.8,2359.7,2072.8,1857,1712,1629.5,1758.5,1793.3,1902.5,2100,2408.4,2846.4,3384.7,3877.2,4084,3877.2,3384.7,2846.4,2408.4,2100,1902.5,1793.3,1720.7,1760.5,1886.7,2122.1,2508.6,3098.2,3881.8,4640.2,4965.5,4640.2,3881.8,3098.2,2508.6,2122.1,1886.7,1760.5,1322.2,1356.7,1467.3,1678.9,2042.7,2635.4,3475.3,4306.3,4657,4306.3,3475.3,2635.4,2042.7,1678.9,1467.3,1356.7,505.98,520.09,565.67,654.31,811.2,1077.8,1468.3,1851,2006.8,1851,1468.3,1077.8,811.2,654.31,565.67,520.09,-505.98,-520.09,-565.67,-654.31,-811.2,-1077.8,-1468.3,-1851,-2006.8,-1851,-1468.3,-1077.8,-811.2,-654.31,-565.67,-520.09,-1322.2,-1356.7,-1467.3,-1678.9,-2042.7,-2635.4,-3475.3,-4306.3,-4657,-4306.3,-3475.3,-2635.4,-2042.7,-1678.9,-1467.3,-1356.7,-1720.7,-1760.5,-1886.7,-2122.1,-2508.6,-3098.2,-3881.8,-4640.2,-4965.5,-4640.2,-3881.8,-3098.2,-2508.6,-2122.1,-1886.7,-1760.5,-1758.5,-1793.3,-1902.5,-2100,-2408.4,-2846.4,-3384.7,-3877.2,-4084,-3877.2,-3384.7,-2846.4,-2408.4,-2100,-1902.5,-1793.3,-1602.8,-1629.5,-1712,-1857,-2072.8,-2359.7,-2686.8,-2967.5,-3081.3,-2967.5,-2686.8,-2359.7,-2072.8,-1857,-1712,-1629.5,-1384.4,-1403.6,-1462.1,-1562.4,-1705.7,-1885.8,-2078.7,-2235.4,-2296.9,-2235.4,-2078.7,-1885.8,-1705.7,-1562.4,-1462.1,-1403.6,-1169.3,-1182.8,-1223.5,-1291.6,-1385.7,-1498.8,-1614.3,-1704.1,-1738.5,-1704.1,-1614.3,-1498.8,-1385.7,-1291.6,-1223.5,-1182.8,-981.67,-991.13,-1019.4,-1065.9,-1128.3,-1200.8,-1272.1,-1325.9,-1346.1,-1325.9,-1272.1,-1200.8,-1128.3,-1065.9,-1019.4,-991.13
978.09,987.67,1016.4,1063.6,1127.2,1201.4,1274.6,1329.9,1350.8,1329.9,1274.6,1201.4,1127.2,1063.6,1016.4,987.67,1164,1177.7,1218.9,1288.1,1383.9,1499.5,1618.1,1710.8,1746.3,1710.8,1618.1,1499.5,1383.9,1288.1,1218.9,1177.7,1376.7,1396.1,1455.3,1556.9,1702.5,1886.6,2084.9,2246.8,2310.5,2246.8,2084.9,1886.6,1702.5,1556.9,1455.3,1396.1,1591.8,1618.7,1701.8,1848.3,2067.3,2360.3,2696.7,2987.5,3105.8,2987.5,2696.7,2360.3,2067.3,1848.3,1701.8,1618.7,1743.6,1778.5,1888.1,2087.1,2399.4,2846.2,3400.5,3912.1,4128,3912.1,3400.5,2846.2,2399.4,2087.1,1888.1,1778.5,1703.1,1742.9,1869.2,2105.5,2495.7,3096.5,3904.8,4695,5035.6,4695,3904.8,3096.5,2495.7,2105.5,1869.2,1742.9,1306.7,1341,1451.4,1663.1,2029.5,2633.3,3501.4,4369.4,4736.6,4369.4,3501.4,2633.3,2029.5,1663.1,1451.4,1341,499.57,513.6,558.99,647.52,805.32,1076.9,1481.5,1881.6,2044.3,1881.6,1481.5,1076.9,805.32,647.52,558.99,513.6,-499.57,-513.6,-558.99,-647.52,-805.32,-1076.9,-1481.5,-1881.6,-2044.3,-1881.6,-1481.5,-1076.9,-805.32,-647.52,-558.99,-513.6,-1306.7,-1341,-1451.4,-1663.1,-2029.5,-2633.3,-3501.4,-4369.4,-4736.6,-4369.4,-3501.4,-2633.3,-2029.5,-1663.1,-1451.4,-1341,-1703.1,-1742.9,-1869.2,-2105.5,-2495.7,-3096.5,-3904.8,-4695,-5035.6,-4695,-3904.8,-3096.5,-2495.7,-2105.5,-1869.2,-1742.9,-1743.6,-1778.5,-1888.1,-2087.1,-2399.4,-2846.2,-3400.5,-3912.1,-4128,-3912.1,-3400.5,-2846.2,-2399.4,-2087.1,-1888.1,-1778.5,-1591.8,-1618.7,-1701.8,-1848.3,-2067.3,-2360.3,-2696.7,-2987.5,-3105.8,-2987.5,-2696.7,-2360.3,-2067.3,-1848.3,-1701.8,-1618.7,-1376.7,-1396.1,-1455.3,-1556.9,-1702.5,-1886.6,-2084.9,-2246.8,-2310.5,-2246.8,-2084.9,-1886.6,-1702.5,-1556.9,-1455.3,-1396.1,-1164,-1177.7,-1218.9,-1288.1,-1383.9,-1499.5,-1618.1,-1710.8,-1746.3,-1710.8,-1618.1,-1499.5,-1383.9,-1288.1,-1218.9,-1177.7,-978.09,-987.67,-1016.4,-1063.6,-1127.2,-1201.4,-1274.6,-1329.9,-1350.8,-1329.9,-1274.6,-1201.4,-1127.2,-1063.6,-1016.4,-987.67
974.51,984.23,1013.3,1061.3,1126.1,1201.9,1277,1334,1355.5,1334,1277,1201.9,1126.1,1061.3,1013.3,984.23,1158.8,1172.6,1214.4,1284.5,1382,1500.2,1621.9,1717.4,1754.1,1717.4,1621.9,1500.2,1382,1284.5,1214.4,1172.6,1369.1,1388.6,1448.4,1551.3,1699.3,1887.3,2091,2258.2,2324.2,2258.2,2091,1887.3,1699.3,1551.3,1448.4,1388.6,1580.9,1607.9,1691.6,1839.5,2061.7,2360.7,2706.6,3007.6,3130.6,3007.6,2706.6,2360.7,2061.7,1839.5,1691.6,1607.9,1728.9,1763.9,1873.9,2074.2,2390.1,2845.7,3416.2,3947.2,4172.5,3947.2,3416.2,2845.7,2390.1,2074.2,1873.9,1763.9,1685.8,1725.6,1851.9,2088.9,2482.6,3094.5,3927.5,4750.4,5106.8,4750.4,3927.5,3094.5,2482.6,2088.9,1851.9,1725.6,1291.4,1325.6,1435.6,1647.4,2016.1,2630.6,3527.4,4433.5,4817.8,4433.5,3527.4,2630.6,2016.1,1647.4,1435.6,1325.6,493.26,507.21,552.39,640.75,799.33,1075.8,1494.6,1912.8,2082.7,1912.8,1494.6,1075.8,799.33,640.75,552.39,507.21,-493.26,-507.21,-552.39,-640.75,-799.33,-1075.8,-1494.6,-1912.8,-2082.7,-1912.8,-1494.6,-1075.8,-799.33,-640.75,-552.39,-507.21,-1291.4,-1325.6,-1435.6,-1647.4,-2016.1,-2630.6,-3527.4,-4433.5,-4817.8,-4433.5,-3527.4,-2630.6,-2016.1,-1647.4,-1435.6,-1325.6,-1685.8,-1725.6,-1851.9,-2088.9,-2482.6,-3094.5,-3927.5,-4750.4,-5106.8,-4750.4,-3927.5,-3094.5,-2482.6,-2088.9,-1851.9,-1725.6,-1728.9,-1763.9,-1873.9,-2074.2,-2390.1,-2845.7,-3416.2,-3947.2,-4172.5,-3947.2,-3416.2,-2845.7,-2390.1,-2074.2,-1873.9,-1763.9,-1580.9,-1607.9,-1691.6,-1839.5,-2061.7,-2360.7,-2706.6,-3007.6,-3130.6,-3007.6,-2706.6,-2360.7,-2061.7,-1839.5,-1691.6,-1607.9,-1369.1,-1388.6,-1448.4,-1551.3,-1699.3,-1887.3,-2091,-2258.2,-2324.2,-2258.2,-2091,-1887.3,-1699.3,-1551.3,-1448.4,-1388.6,-1158.8,-1172.6,-1214.4,-1284.5,-1382,-1500.2,-1621.9,-1717.4,-1754.1,-1717.4,-1621.9,-1500.2,-1382,-1284.5,-1214.4,-1172.6,-974.51,-984.23,-1013.3,-1061.3,-1126.1,-1201.9,-1277,-1334,-1355.5,-1334,-1277,-1201.9,-1126.1,-1061.3,-1013.3,-984.23
970.95,980.79,1010.3,1059,1125,1202.5,1279.4,1338,1360.2,1338,1279.4,1202.5,1125,1059,1010.3,980.79,1153.6,1167.6,1209.8,1281,1380.1,1500.9,1625.7,1724.1,1762,1724.1,1625.7,1500.9,1380.1,1281,1209.8,1167.6,1361.5,1381.2,1441.6,1545.7,1696.1,1888,2097.1,2269.6,2338,2269.6,2097.1,1888,1696.1,1545.7,1441.6,1381.2,1570.1,1597.2,1681.5,1830.8,2056,2361,2716.4,3027.8,3155.6,3027.8,2716.4,2361,2056,1830.8,1681.5,1597.2,1714.3,1749.4,1859.8,2061.3,2380.8,2844.9,3431.6,3982.7,4217.7,3982.7,3431.6,2844.9,2380.8,2061.3,1859.8,1749.4,1668.8,1708.4,1834.8,2072.4,2469.3,3091.9,3950,4806.5,5179.3,4806.5,3950,3091.9,2469.3,2072.4,1834.8,1708.4,1276.4,1310.4,1420.1,1631.7,2002.4,2627.5,3553.3,4498.8,4900.6,4498.8,3553.3,2627.5,2002.4,1631.7,1420.1,1310.4,487.07,500.93,545.87,634.01,793.23,1074.5,1507.8,1944.7,2121.8,1944.7,1507.8,1074.5,793.23,634.01,545.87,500.93,-487.07,-500.93,-545.87,-634.01,-793.23,-1074.5,-1507.8,-1944.7,-2121.8,-1944.7,-1507.8,-1074.5,-793.23,-634.01,-545.87,-500.93,-1276.4,-1310.4,-1420.1,-1631.7,-2002.4,-2627.5,-3553.3,-4498.8,-4900.6,-4498.8,-3553.3,-2627.5,-2002.4,-1631.7,-1420.1,-1310.4,-1668.8,-1708.4,-1834.8,-2072.4,-2469.3,-3091.9,-3950,-4806.5,-5179.3,-4806.5,-3950,-3091.9,-2469.3,-2072.4,-1834.8,-1708.4,-1714.3,-1749.4,-1859.8,-2061.3,-2380.8,-2844.9,-3431.6,-3982.7,-4217.7,-3982.7,-3431.6,-2844.9,-2380.8,-2061.3,-1859.8,-1749.4,-1570.1,-1597.2,-1681.5,-1830.8,-2056,-2361,-2716.4,-3027.8,-3155.6,-3027.8,-2716.4,-2361,-2056,-1830.8,-1681.5,-1597.2,-1361.5,-1381.2,-1441.6,-1545.7,-1696.1,-1888,-2097.1,-2269.6,-2338,-2269.6,-2097.1,-1888,-1696.1,-1545.7,-1441.6,-1381.2,-1153.6,-1167.6,-1209.8,-1281,-1380.1,-1500.9,-1625.7,-1724.1,-1762,-1724.1,-1625.7,-1500.9,-1380.1,-1281,-1209.8,-1167.6,-970.95,-980.79,-1010.3,-1059,-1125,-1202.5,-1279.4,-1338,-1360.2,-1338,-1279.4,-1202.5,-1125,-1059,-1010.3,-980.79
967.4,977.36,1007.2,1056.7,1123.9,1203,1281.9,1342.1,1364.9,1342.1,1281.9,1203,1123.9,1056.7,1007.2,977.36,1148.5,1162.6,1205.3,1277.4,1378.2,1501.5,1629.5,1730.7,1769.9,1730.7,1629.5,1501.5,1378.2,1277.4,1205.3,1162.6,1354,1373.9,1434.8,1540.1,1692.7,1888.5,2103.1,2281.1,2351.8,2281.1,2103.1,1888.5,1692.7,1540.1,1434.8,1373.9,1559.3,1586.6,1671.4,1822.1,2050.2,2361.1,2726.2,3048.1,3180.8,3048.1,2726.2,2361.1,2050.2,1822.1,1671.4,1586.6,1699.9,1735,1845.8,2048.4,2371.2,2843.8,3446.9,4018.4,4263.4,4018.4,3446.9,2843.8,2371.2,2048.4,1845.8,1735,1651.9,1691.5,1817.8,2055.8,2455.7,3088.9,3972.2,4863.3,5253.1,4863.3,3972.2,3088.9,2455.7,2055.8,1817.8,1691.5,1261.6,1295.4,1404.7,1616,1988.6,2623.8,3579.1,4565.3,4985.1,4565.3,3579.1,2623.8,1988.6,1616,1404.7,1295.4,480.98,494.75,539.43,627.29,787.03,1072.9,1521,1977.2,2161.8,1977.2,1521,1072.9,787.03,627.29,539.43,494.75,-480.98,-494.75,-539.43,-627.29,-787.03,-1072.9,-1521,-1977.2,-2161.8,-1977.2,-1521,-1072.9,-787.03,-627.29,-539.43,-494.75,-1261.6,-1295.4,-1404.7,-1616,-1988.6,-2623.8,-3579.1,-4565.3,-4985.1,-4565.3,-3579.1,-2623.8,-1988.6,-1616,-1404.7,-1295.4,-1651.9,-1691.5,-1817.8,-2055.8,-2455.7,-3088.9,-3972.2,-4863.3,-5253.1,-4863.3,-3972.2,-3088.9,-2455.7,-2055.8,-1817.8,-1691.5,-1699.9,-1735,-1845.8,-2048.4,-2371.2,-2843.8,-3446.9,-4018.4,-4263.4,-4018.4,-3446.9,-2843.8,-2371.2,-2048.4,-1845.8,-1735,-1559.3,-1586.6,-1671.4,-1822.1,-2050.2,-2361.1,-2726.2,-3048.1,-3180.8,-3048.1,-2726.2,-2361.1,-2050.2,-1822.1,-1671.4,-1586.6,-1354,-1373.9,-1434.8,-1540.1,-1692.7,-1888.5,-2103.1,-2281.1,-2351.8,-2281.1,-2103.1,-1888.5,-1692.7,-1540.1,-1434.8,-1373.9,-1148.5,-1162.6,-1205.3,-1277.4,-1378.2,-1501.5,-1629.5,-1730.7,-1769.9,-1730.7,-1629.5,-1501.5,-1378.2,-1277.4,-1205.3,-1162.6,-967.4,-977.36,-1007.2,-1056.7,-1123.9,-1203,-1281.9,-1342.1,-1364.9,-1342.1,-1281.9,-1203,-1123.9,-1056.7,-1007.2,-977.36
963.87,973.94,1004.2,1054.4,1122.7,1203.4,1284.3,1346.1,1369.6,1346.1,1284.3,1203.4,1122.7,1054.4,1004.2,973.94,1143.3,1157.6,1200.8,1273.8,1376.3,1502,1633.2,1737.4,1777.8,1737.4,1633.2,1502,1376.3,1273.8,1200.8,1157.6,1346.5,1366.5,1428,1534.4,1689.3,1889,2109.1,2292.6,2365.7,2292.6,2109.1,1889,1689.3,1534.4,1428,1366.5,1548.7,1576.1,1661.4,1813.3,2044.4,2361.1,2735.8,3068.5,3206.3,3068.5,2735.8,2361.1,2044.4,1813.3,1661.4,1576.1,1685.6,1720.8,1831.8,2035.5,2361.5,2842.4,3462,4054.5,4309.7,4054.5,3462,2842.4,2361.5,2035.5,1831.8,1720.8,1635.3,1674.8,1800.9,2039.4,2442,3085.5,3994.2,4920.8,5328.1,4920.8,3994.2,3085.5,2442,2039.4,1800.9,1674.8,1247,1280.7,1389.4,1600.4,1974.5,2619.5,3604.7,4632.9,5071.3,4632.9,3604.7,2619.5,1974.5,1600.4,1389.4,1280.7,474.99,488.66,533.07,620.6,780.72,1071,1534.3,2010.4,2202.7,2010.4,1534.3,1071,780.72,620.6,533.07,488.66,-474.99,-488.66,-533.07,-620.6,-780.72,-1071,-1534.3,-2010.4,-2202.7,-2010.4,-1534.3,-1071,-780.72,-620.6,-533.07,-488.66,-1247,-1280.7,-1389.4,-1600.4,-1974.5,-2619.5,-3604.7,-4632.9,-5071.3,-4632.9,-3604.7,-2619.5,-1974.5,-1600.4,-1389.4,-1280.7,-1635.3,-1674.8,-1800.9,-2039.4,-2442,-3085.5,-3994.2,-4920.8,-5328.1,-4920.8,-3994.2,-3085.5,-2442,-2039.4,-1800.9,-1674.8,-1685.6,-1720.8,-1831.8,-2035.5,-2361.5,-2842.4,-3462,-4054.5,-4309.7,-4054.5,-3462,-2842.4,-2361.5,-2035.5,-1831.8,-1720.8,-1548.7,-1576.1,-1661.4,-1813.3,-2044.4,-2361.1,-2735.8,-3068.5,-3206.3,-3068.5,-2735.8,-2361.1,-2044.4,-1813.3,-1661.4,-1576.1,-1346.5,-1366.5,-1428,-1534.4,-1689.3,-1889,-2109.1,-2292.6,-2365.7,-2292.6,-2109.1,-1889,-1689.3,-1534.4,-1428,-1366.5,-1143.3,-1157.6,-1200.8,-1273.8,-1376.3,-1502,-1633.2,-1737.4,-1777.8,-1737.4,-1633.2,-1502,-1376.3,-1273.8,-1200.8,-1157.6,-963.87,-973.94,-1004.2,-1054.4,-1122.7,-1203.4,-1284.3,-1346.1,-1369.6,-1346.1,-1284.3,-1203.4,-1122.7,-1054.4,-1004.2,-973.94
960.34,970.54,1001.2,1052.1,1121.5,1203.9,1286.6,1350.2,1374.3,1350.2,1286.6,1203.9,1121.5,1052.1,1001.2,970.54,1138.2,1152.6,1196.3,1270.2,1374.3,1502.5,1637,1744.1,1785.7,1744.1,1637,1502.5,1374.3,1270.2,1196.3,1152.6,1339.1,1359.3,1421.2,1528.8,1685.9,1889.4,2115,2304.1,2379.7,2304.1,2115,1889.4,1685.9,1528.8,1421.2,1359.3,1538.1,1565.7,1651.4,1804.5,2038.4,2360.9,2745.3,3089.1,3232,3089.1,2745.3,2360.9,2038.4,1804.5,1651.4,1565.7,1671.5,1706.8,1818,2022.6,2351.7,2840.7,3477,4090.8,4356.7,4090.8,3477,2840.7,2351.7,2022.6,1818,1706.8,1618.9,1658.3,1784.2,2022.9,2428,3081.5,4016,4979.1,5404.4,4979.1,4016,3081.5,2428,2022.9,1784.2,1658.3,1232.6,1266.2,1374.4,1584.9,1960.2,2614.7,3630.2,4701.7,5159.2,4701.7,3630.2,2614.7,1960.2,1584.9,1374.4,1266.2,469.1,482.67,526.78,613.93,774.32,1068.8,1547.5,2044.4,2244.4,2044.4,1547.5,1068.8,774.32,613.93,526.78,482.67,-469.1,-482.67,-526.78,-613.93,-774.32,-1068.8,-1547.5,-2044.4,-2244.4,-2044.4,-1547.5,-1068.8,-774.32,-613.93,-526.78,-482.67,-1232.6,-1266.2,-1374.4,-1584.9,-1960.2,-2614.7,-3630.2,-4701.7,-5159.2,-4701.7,-3630.2,-2614.7,-1960.2,-1584.9,-1374.4,-1266.2,-1618.9,-1658.3,-1784.2,-2022.9,-2428,-3081.5,-4016,-4979.1,-5404.4,-4979.1,-4016,-3081.5,-2428,-2022.9,-1784.2,-1658.3,-1671.5,-1706.8,-1818,-2022.6,-2351.7,-2840.7,-3477,-4090.8,-4356.7,-4090.8,-3477,-2840.7,-2351.7,-2022.6,-1818,-1706.8,-1538.1,-1565.7,-1651.4,-1804.5,-2038.4,-2360.9,-2745.3,-3089.1,-3232,-3089.1,-2745.3,-2360.9,-2038.4,-1804.5,-1651.4,-1565.7,-1339.1,-1359.3,-1421.2,-1528.8,-1685.9,-1889.4,-2115,-2304.1,-2379.7,-2304.1,-2115,-1889.4,-1685.9,-1528.8,-1421.2,-1359.3,-1138.2,-1152.6,-1196.3,-1270.2,-1374.3,-1502.5,-1637,-1744.1,-1785.7,-1744.1,-1637,-1502.5,-1374.3,-1270.2,-1196.3,-1152.6,-960.34,-970.54,-1001.2,-1052.1,-1121.5,-1203.9,-1286.6,-1350.2,-1374.3,-1350.2,-1286.6,-1203.9,-1121.5,-1052.1,-1001.2,-970.54
956.83,967.14,998.15,1049.8,1120.3,1204.3,1289,1354.3,1379.1,1354.3,1289,1204.3,1120.3,1049.8,998.15,967.14,1133.1,1147.6,1191.7,1266.6,1372.3,1503,1640.6,1750.8,1793.7,1750.8,1640.6,1503,1372.3,1266.6,1191.7,1147.6,1331.7,1352,1414.5,1523.1,1682.4,1889.7,2120.9,2315.7,2393.8,2315.7,2120.9,1889.7,1682.4,1523.1,1414.5,1352,1527.6,1555.3,1641.5,1795.7,2032.3,2360.5,2754.7,3109.7,3257.9,3109.7,2754.7,2360.5,2032.3,1795.7,1641.5,1555.3,1657.5,1692.8,1804.2,2009.7,2341.7,2838.7,3491.7,4127.5,4404.3,4127.5,3491.7,2838.7,2341.7,2009.7,1804.2,1692.8,1602.7,1642,1767.7,2006.5,2413.9,3077.1,4037.4,5038.1,5482.1,5038.1,4037.4,3077.1,2413.9,2006.5,1767.7,1642,1218.5,1251.8,1359.5,1569.4,1945.7,2609.3,3655.5,4771.8,5249,4771.8,3655.5,2609.3,1945.7,1569.4,1359.5,1251.8,463.31,476.78,520.58,607.3,767.82,1066.4,1560.8,2079.1,2287,2079.1,1560.8,1066.4,767.82,607.3,520.58,476.78,-463.31,-476.78,-520.58,-607.3,-767.82,-1066.4,-1560.8,-2079.1,-2287,-2079.1,-1560.8,-1066.4,-767.82,-607.3,-520.58,-476.78,-1218.5,-1251.8,-1359.5,-1569.4,-1945.7,-2609.3,-3655.5,-4771.8,-5249,-4771.8,-3655.5,-2609.3,-1945.7,-1569.4,-1359.5,-1251.8,-1602.7,-1642,-1767.7,-2006.5,-2413.9,-3077.1,-4037.4,-5038.1,-5482.1,-5038.1,-4037.4,-3077.1,-2413.9,-2006.5,-1767.7,-1642,-1657.5,-1692.8,-1804.2,-2009.7,-2341.7,-2838.7,-3491.7,-4127.5,-4404.3,-4127.5,-3491.7,-2838.7,-2341.7,-2009.7,-1804.2,-1692.8,-1527.6,-1555.3,-1641.5,-1795.7,-2032.3,-2360.5,-2754.7,-3109.7,-3257.9,-3109.7,-2754.7,-2360.5,-2032.3,-1795.7,-1641.5,-1555.3,-1331.7,-1352,-1414.5,-1523.1,-1682.4,-1889.7,-2120.9,-2315.7,-2393.8,-2315.7,-2120.9,-1889.7,-1682.4,-1523.1,-1414.5,-1352,-1133.1,-1147.6,-1191.7,-1266.6,-1372.3,-1503,-1640.6,-1750.8,-1793.7,-1750.8,-1640.6,-1503,-1372.3,-1266.6,-1191.7,-1147.6,-956.83,-967.14,-998.15,-1049.8,-1120.3,-1204.3,-1289,-1354.3,-1379.1,-1354.3,-1289,-1204.3,-1120.3,-1049.8,-998.15,-967.14
953.33,963.75,995.12,1047.4,1119.1,1204.7,1291.4,1358.3,1383.8,1358.3,1291.4,1204.7,1119.1,1047.4,995.12,963.75,1128.1,1142.7,1187.2,1263,1370.2,1503.4,1644.3,1757.5,1801.7,1757.5,1644.3,1503.4,1370.2,1263,1187.2,1142.7,1324.4,1344.8,1407.7,1517.5,1678.8,1889.9,2126.7,2327.3,2408,2327.3,2126.7,1889.9,1678.8,1517.5,1407.7,1344.8,1517.2,1545,1631.6,1786.9,2026.1,2360,2764,3130.4,3284.1,3130.4,2764,2360,2026.1,1786.9,1631.6,1545,1643.7,1679,1790.6,1996.8,2331.6,2836.4,3506.3,4164.4,4452.5,4164.4,3506.3,2836.4,2331.6,1996.8,1790.6,1679,1586.7,1625.9,1751.3,1990.1,2399.5,3072.2,4058.6,5097.9,5561.2,5097.9,4058.6,3072.2,2399.5,1990.1,1751.3,1625.9,1204.6,1237.7,1344.8,1554,1931,2603.4,3680.6,4843.1,5340.5,4843.1,3680.6,2603.4,1931,1554,1344.8,1237.7,457.62,470.98,514.45,600.69,761.22,1063.7,1574.1,2114.5,2330.4,2114.5,1574.1,1063.7,761.22,600.69,514.45,470.98,-457.62,-470.98,-514.45,-600.69,-761.22,-1063.7,-1574.1,-2114.5,-2330.4,-2114.5,-1574.1,-1063.7,-761.22,-600.69,-514.45,-470.98,-1204.6,-1237.7,-1344.8,-1554,-1931,-2603.4,-3680.6,-4843.1,-5340.5,-4843.1,-3680.6,-2603.4,-1931,-1554,-1344.8,-1237.7,-1586.7,-1625.9,-1751.3,-1990.1,-2399.5,-3072.2,-4058.6,-5097.9,-5561.2,-5097.9,-4058.6,-3072.2,-2399.5,-1990.1,-1751.3,-1625.9,-1643.7,-1679,-1790.6,-1996.8,-2331.6,-2836.4,-3506.3,-4164.4,-4452.5,-4164.4,-3506.3,-2836.4,-2331.6,-1996.8,-1790.6,-1679,-1517.2,-1545,-1631.6,-1786.9,-2026.1,-2360,-2764,-3130.4,-3284.1,-3130.4,-2764,-2360,-2026.1,-1786.9,-1631.6,-1545,-1324.4,-1344.8,-1407.7,-1517.5,-1678.8,-1889.9,-2126.7,-2327.3,-2408,-2327.3,-2126.7,-1889.9,-1678.8,-1517.5,-1407.7,-1344.8,-1128.1,-1142.7,-1187.2,-1263,-1370.2,-1503.4,-1644.3,-1757.5,-1801.7,-1757.5,-1644.3,-1503.4,-1370.2,-1263,-1187.2,-1142.7,-953.33,-963.75,-995.12,-1047.4,-1119.1,-1204.7,-1291.4,-1358.3,-1383.8,-1358.3,-1291.4,-1204.7,-1119.1,-1047.4,-995.12,-963.75
949.84,960.37,992.09,1045.1,1117.9,1205.1,1293.7,1362.4,1388.6,1362.4,1293.7,1205.1,1117.9,1045.1,992.09,960.37,1123,1137.8,1182.7,1259.4,1368.1,1503.8,1647.9,1764.2,1809.7,1764.2,1647.9,1503.8,1368.1,1259.4,1182.7,1137.8,1317.1,1337.7,1401,1511.8,1675.2,1890.1,2132.5,2338.9,2422.3,2338.9,2132.5,1890.1,1675.2,1511.8,1401,1337.7,1507,1534.8,1621.8,1778.1,2019.9,2359.4,2773.2,3151.3,3310.5,3151.3,2773.2,2359.4,2019.9,1778.1,1621.8,1534.8,1630.1,1665.4,1777,1983.9,2321.3,2833.9,3520.6,4201.7,4501.3,4201.7,3520.6,2833.9,2321.3,1983.9,1777,1665.4,1571,1610,1735,1973.7,2385,3066.8,4079.5,5158.4,5641.6,5158.4,4079.5,3066.8,2385,1973.7,1735,1610,1190.9,1223.8,1330.3,1538.6,1916.1,2596.9,3705.6,4915.8,5433.9,4915.8,3705.6,2596.9,1916.1,1538.6,1330.3,1223.8,452.02,465.27,508.4,594.11,754.53,1060.7,1587.3,2150.8,2374.8,2150.8,1587.3,1060.7,754.53,594.11,508.4,465.27,-452.02,-465.27,-508.4,-594.11,-754.53,-1060.7,-1587.3,-2150.8,-2374.8,-2150.8,-1587.3,-1060.7,-754.53,-594.11,-508.4,-465.27,-1190.9,-1223.8,-1330.3,-1538.6,-1916.1,-2596.9,-3705.6,-4915.8,-5433.9,-4915.8,-3705.6,-2596.9,-1916.1,-1538.6,-1330.3,-1223.8,-1571,-1610,-1735,-1973.7,-2385,-3066.8,-4079.5,-5158.4,-5641.6,-5158.4,-4079.5,-3066.8,-2385,-1973.7,-1735,-1610,-1630.1,-1665.4,-1777,-1983.9,-2321.3,-2833.9,-3520.6,-4201.7,-4501.3,-4201.7,-3520.6,-2833.9,-2321.3,-1983.9,-1777,-1665.4,-1507,-1534.8,-1621.8,-1778.1,-2019.9,-2359.4,-2773.2,-3151.3,-3310.5,-3151.3,-2773.2,-2359.4,-2019.9,-1778.1,-1621.8,-1534.8,-1317.1,-1337.7,-1401,-1511.8,-1675.2,-1890.1,-2132.5,-2338.9,-2422.3,-2338.9,-2132.5,-1890.1,-1675.2,-1511.8,-1401,-1337.7,-1123,-1137.8,-1182.7,-1259.4,-1368.1,-1503.8,-1647.9,-1764.2,-1809.7,-1764.2,-1647.9,-1503.8,-1368.1,-1259.4,-1182.7,-1137.8,-949.84,-960.37,-992.09,-1045.1,-1117.9,-1205.1,-1293.7,-1362.4,-1388.6,-1362.4,-1293.7,-1205.1,-1117.9,-1045.1,-992.09,-960.37
946.37,957,989.06,1042.7,1116.6,1205.4,1296,1366.4,1393.4,1366.4,1296,1205.4,1116.6,1042.7,989.06,957,1118,1132.9,1178.2,1255.7,1366,1504.1,1651.5,1771,1817.8,1771,1651.5,1504.1,1366,1255.7,1178.2,1132.9,1309.9,1330.5,1394.3,1506.1,1671.5,1890.1,2138.2,2350.6,2436.7,2350.6,2138.2,1890.1,1671.5,1506.1,1394.3,1330.5,1496.7,1524.7,1612,1769.3,2013.5,2358.5,2782.3,3172.2,3337.2,3172.2,2782.3,2358.5,2013.5,1769.3,1612,1524.7,1616.6,1651.9,1763.6,1971.1,2310.9,2831,3534.7,4239.2,4550.8,4239.2,3534.7,2831,2310.9,1971.1,1763.6,1651.9,1555.4,1594.3,1719,1957.4,2370.3,3060.9,4100.1,5219.6,5723.4,5219.6,4100.1,3060.9,2370.3,1957.4,1719,1594.3,1177.4,1210.1,1315.9,1523.3,1901,2589.8,3730.3,4989.8,5529.1,4989.8,3730.3,2589.8,1901,1523.3,1315.9,1210.1,446.51,459.65,502.42,587.57,747.75,1057.4,1600.6,2187.9,2420.1,2187.9,1600.6,1057.4,747.75,587.57,502.42,459.65,-446.51,-459.65,-502.42,-587.57,-747.75,-1057.4,-1600.6,-2187.9,-2420.1,-2187.9,-1600.6,-1057.4,-747.75,-587.57,-502.42,-459.65,-1177.4,-1210.1,-1315.9,-1523.3,-1901,-2589.8,-3730.3,-4989.8,-5529.1,-4989.8,-3730.3,-2589.8,-1901,-1523.3,-1315.9,-1210.1,-1555.4,-1594.3,-1719,-1957.4,-2370.3,-3060.9,-4100.1,-5219.6,-5723.4,-5219.6,-4100.1,-3060.9,-2370.3,-1957.4,-1719,-1594.3,-1616.6,-1651.9,-1763.6,-1971.1,-2310.9,-2831,-3534.7,-4239.2,-4550.8,-4239.2,-3534.7,-2831,-2310.9,-1971.1,-1763.6,-1651.9,-1496.7,-1524.7,-1612,-1769.3,-2013.5,-2358.5,-2782.3,-3172.2,-3337.2,-3172.2,-2782.3,-2358.5,-2013.5,-1769.3,-1612,-1524.7,-1309.9,-1330.5,-1394.3,-1506.1,-1671.5,-1890.1,-2138.2,-2350.6,-2436.7,-2350.6,-2138.2,-1890.1,-1671.5,-1506.1,-1394.3,-1330.5,-1118,-1132.9,-1178.2,-1255.7,-1366,-1504.1,-1651.5,-1771,-1817.8,-1771,-1651.5,-1504.1,-1366,-1255.7,-1178.2,-1132.9,-946.37,-957,-989.06,-1042.7,-1116.6,-1205.4,-1296,-1366.4,-1393.4,-1366.4,-1296,-1205.4,-1116.6,-1042.7,-989.06,-957
942.91,953.64,986.04,1040.3,1115.3,1205.8,1298.3,1370.5,1398.2,1370.5,1298.3,1205.8,1115.3,1040.3,986.04,953.64,1113,1128,1173.8,1252,1363.8,1504.4,1655.1,1777.7,1825.9,1777.7,1655.1,1504.4,1363.8,1252,1173.8,1128,1302.7,1323.5,1387.7,1500.3,1667.8,1890.1,2143.8,2362.3,2451.1,2362.3,2143.8,1890.1,1667.8,1500.3,1387.7,1323.5,1486.6,1514.6,1602.2,1760.5,2007.1,2357.5,2791.3,3193.3,3364.1,3193.3,2791.3,2357.5,2007.1,1760.5,1602.2,1514.6,1603.2,1638.5,1750.2,1958.2,2300.3,2827.8,3548.6,4277.1,4601,4277.1,3548.6,2827.8,2300.3,1958.2,1750.2,1638.5,1540.1,1578.8,1703,1941.2,2355.4,3054.6,4120.3,5281.7,5806.7,5281.7,4120.3,3054.6,2355.4,1941.2,1703,1578.8,1164.1,1196.6,1301.7,1508.1,1885.8,2582.1,3754.7,5065.1,5626.3,5065.1,3754.7,2582.1,1885.8,1508.1,1301.7,1196.6,441.1,454.11,496.52,581.07,740.89,1053.8,1613.9,2225.8,2466.4,2225.8,1613.9,1053.8,740.89,581.07,496.52,454.11,-441.1,-454.11,-496.52,-581.07,-740.89,-1053.8,-1613.9,-2225.8,-2466.4,-2225.8,-1613.9,-1053.8,-740.89,-581.07,-496.52,-454.11,-1164.1,-1196.6,-1301.7,-1508.1,-1885.8,-2582.1,-3754.7,-5065.1,-5626.3,-5065.1,-3754.7,-2582.1,-1885.8,-1508.1,-1301.7,-1196.6,-1540.1,-1578.8,-1703,-1941.2,-2355.4,-3054.6,-4120.3,-5281.7,-5806.7,-5281.7,-4120.3,-3054.6,-2355.4,-1941.2,-1703,-1578.8,-1603.2,-1638.5,-1750.2,-1958.2,-2300.3,-2827.8,-3548.6,-4277.1,-4601,-4277.1,-3548.6,-2827.8,-2300.3,-1958.2,-1750.2,-1638.5,-1486.6,-1514.6,-1602.2,-1760.5,-2007.1,-2357.5,-2791.3,-3193.3,-3364.1,-3193.3,-2791.3,-2357.5,-2007.1,-1760.5,-1602.2,-1514.6,-1302.7,-1323.5,-1387.7,-1500.3,-1667.8,-1890.1,-2143.8,-2362.3,-2451.1,-2362.3,-2143.8,-1890.1,-1667.8,-1500.3,-1387.7,-1323.5,-1113,-1128,-1173.8,-1252,-1363.8,-1504.4,-1655.1,-1777.7,-1825.9,-1777.7,-1655.1,-1504.4,-1363.8,-1252,-1173.8,-1128,-942.91,-953.64,-986.04,-1040.3,-1115.3,-1205.8,-1298.3,-1370.5,-1398.2,-1370.5,-1298.3,-1205.8,-1115.3,-1040.3,-986.04,-953.64
939.46,950.29,983.01,1037.9,1114,1206.1,1300.6,1374.5,1403,1374.5,1300.6,1206.1,1114,1037.9,983.01,950.29,1108.1,1123.2,1169.3,1248.4,1361.6,1504.6,1658.6,1784.4,1834,1784.4,1658.6,1504.6,1361.6,1248.4,1169.3,1123.2,1295.5,1316.4,1381,1494.6,1664,1890,2149.4,2374,2465.6,2374,2149.4,1890,1664,1494.6,1381,1316.4,1476.6,1504.7,1592.6,1751.6,2000.5,2356.4,2800.1,3214.4,3391.3,3214.4,2800.1,2356.4,2000.5,1751.6,1592.6,1504.7,1590,1625.2,1736.9,1945.3,2289.6,2824.4,3562.3,4315.2,4651.9,4315.2,3562.3,2824.4,2289.6,1945.3,1736.9,1625.2,1524.9,1563.5,1687.3,1925,2340.3,3047.7,4140.1,5344.5,5891.4,5344.5,4140.1,3047.7,2340.3,1925,1687.3,1563.5,1151.1,1183.3,1287.6,1492.9,1870.3,2573.7,3778.9,5141.9,5725.4,5141.9,3778.9,2573.7,1870.3,1492.9,1287.6,1183.3,435.77,448.67,490.7,574.6,733.94,1049.9,1627.2,2264.6,2513.6,2264.6,1627.2,1049.9,733.94,574.6,490.7,448.67,-435.77,-448.67,-490.7,-574.6,-733.94,-1049.9,-1627.2,-2264.6,-2513.6,-2264.6,-1627.2,-1049.9,-733.94,-574.6,-490.7,-448.67,-1151.1,-1183.3,-1287.6,-1492.9,-1870.3,-2573.7,-3778.9,-5141.9,-5725.4,-5141.9,-3778.9,-2573.7,-1870.3,-1492.9,-1287.6,-1183.3,-1524.9,-1563.5,-1687.3,-1925,-2340.3,-3047.7,-4140.1,-5344.5,-5891.4,-5344.5,-4140.1,-3047.7,-2340.3,-1925,-1687.3,-1563.5,-1590,-1625.2,-1736.9,-1945.3,-2289.6,-2824.4,-3562.3,-4315.2,-4651.9,-4315.2,-3562.3,-2824.4,-2289.6,-1945.3,-1736.9,-1625.2,-1476.6,-1504.7,-1592.6,-1751.6,-2000.5,-2356.4,-2800.1,-3214.4,-3391.3,-3214.4,-2800.1,-2356.4,-2000.5,-1751.6,-1592.6,-1504.7,-1295.5,-1316.4,-1381,-1494.6,-1664,-1890,-2149.4,-2374,-2465.6,-2374,-2149.4,-1890,-1664,-1494.6,-1381,-1316.4,-1108.1,-1123.2,-1169.3,-1248.4,-1361.6,-1504.6,-1658.6,-1784.4,-1834,-1784.4,-1658.6,-1504.6,-1361.6,-1248.4,-1169.3,-1123.2,-939.46,-950.29,-983.01,-1037.9,-1114,-1206.1,-1300.6,-1374.5,-1403,-1374.5,-1300.6,-1206.1,-1114,-1037.9,-983.01,-950.29
936.02,946.95,979.99,1035.5,1112.7,1206.3,1302.8,1378.6,1407.8,1378.6,1302.8,1206.3,1112.7,1035.5,979.99,946.95,1103.1,1118.3,1164.8,1244.7,1359.4,1504.8,1662.1,1791.2,1842.2,1791.2,1662.1,1504.8,1359.4,1244.7,1164.8,1118.3,1288.4,1309.4,1374.4,1488.9,1660.1,1889.8,2154.9,2385.7,2480.3,2385.7,2154.9,1889.8,1660.1,1488.9,1374.4,1309.4,1466.6,1494.8,1582.9,1742.8,1993.9,2355.1,2808.9,3235.7,3418.7,3235.7,2808.9,2355.1,1993.9,1742.8,1582.9,1494.8,1576.9,1612.1,1723.8,1932.5,2278.8,2820.6,3575.8,4353.7,4703.4,4353.7,3575.8,2820.6,2278.8,1932.5,1723.8,1612.1,1510,1548.4,1671.6,1908.8,2325.1,3040.3,4159.6,5408.1,5977.6,5408.1,4159.6,3040.3,2325.1,1908.8,1671.6,1548.4,1138.2,1170.1,1273.7,1477.8,1854.7,2564.8,3802.8,5220.2,5826.6,5220.2,3802.8,2564.8,1854.7,1477.8,1273.7,1170.1,430.53,443.3,484.95,568.16,726.91,1045.7,1640.4,2304.3,2561.8,2304.3,1640.4,1045.7,726.91,568.16,484.95,443.3,-430.53,-443.3,-484.95,-568.16,-726.91,-1045.7,-1640.4,-2304.3,-2561.8,-2304.3,-1640.4,-1045.7,-726.91,-568.16,-484.95,-443.3,-1138.2,-1170.1,-1273.7,-1477.8,-1854.7,-2564.8,-3802.8,-5220.2,-5826.6,-5220.2,-3802.8,-2564.8,-1854.7,-1477.8,-1273.7,-1170.1,-1510,-1548.4,-1671.6,-1908.8,-2325.1,-3040.3,-4159.6,-5408.1,-5977.6,-5408.1,-4159.6,-3040.3,-2325.1,-1908.8,-1671.6,-1548.4,-1576.9,-1612.1,-1723.8,-1932.5,-2278.8,-2820.6,-3575.8,-4353.7,-4703.4,-4353.7,-3575.8,-2820.6,-2278.8,-1932.5,-1723.8,-1612.1,-1466.6,-1494.8,-1582.9,-1742.8,-1993.9,-2355.1,-2808.9,-3235.7,-3418.7,-3235.7,-2808.9,-2355.1,-1993.9,-1742.8,-1582.9,-1494.8,-1288.4,-1309.4,-1374.4,-1488.9,-1660.1,-1889.8,-2154.9,-2385.7,-2480.3,-2385.7,-2154.9,-1889.8,-1660.1,-1488.9,-1374.4,-1309.4,-1103.1,-1118.3,-1164.8,-1244.7,-1359.4,-1504.8,-1662.1,-1791.2,-1842.2,-1791.2,-1662.1,-1504.8,-1359.4,-1244.7,-1164.8,-1118.3,-936.02,-946.95,-979.99,-1035.5,-1112.7,-1206.3,-1302.8,-1378.6,-1407.8,-1378.6,-1302.8,-1206.3,-1112.7,-1035.5,-979.99,-946.95
932.59,943.61,976.97,1033.1,1111.4,1206.6,1305.1,1382.7,1412.6,1382.7,1305.1,1206.6,1111.4,1033.1,976.97,943.61,1098.2,1113.5,1160.4,1241,1357.1,1504.9,1665.6,1798,1850.4,1798,1665.6,1504.9,1357.1,1241,1160.4,1113.5,1281.4,1302.5,1367.8,1483.1,1656.2,1889.5,2160.4,2397.5,2495,2397.5,2160.4,1889.5,1656.2,1483.1,1367.8,1302.5,1456.8,1485,1573.3,1733.9,1987.2,2353.6,2817.5,3257,3446.4,3257,2817.5,2353.6,1987.2,1733.9,1573.3,1485,1564,1599.1,1710.7,1919.7,2267.9,2816.5,3589,4392.4,4755.6,4392.4,3589,2816.5,2267.9,1919.7,1710.7,1599.1,1495.3,1533.4,1656.2,1892.7,2309.7,3032.4,4178.8,5472.6,6065.3,5472.6,4178.8,3032.4,2309.7,1892.7,1656.2,1533.4,1125.5,1157.2,1260,1462.8,1838.9,2555.2,3826.5,5300,5929.7,5300,3826.5,2555.2,1838.9,1462.8,1260,1157.2,425.38,438.03,479.27,561.77,719.8,1041.1,1653.6,2345,2611.1,2345,1653.6,1041.1,719.8,561.77,479.27,438.03,-425.38,-438.03,-479.27,-561.77,-719.8,-1041.1,-1653.6,-2345,-2611.1,-2345,-1653.6,-1041.1,-719.8,-561.77,-479.27,-438.03,-1125.5,-1157.2,-1260,-1462.8,-1838.9,-2555.2,-3826.5,-5300,-5929.7,-5300,-3826.5,-2555.2,-1838.9,-1462.8,-1260,-1157.2,-1495.3,-1533.4,-1656.2,-1892.7,-2309.7,-3032.4,-4178.8,-5472.6,-6065.3,-5472.6,-4178.8,-3032.4,-2309.7,-1892.7,-1656.2,-1533.4,-1564,-1599.1,-1710.7,-1919.7,-2267.9,-2816.5,-3589,-4392.4,-4755.6,-4392.4,-3589,-2816.5,-2267.9,-1919.7,-1710.7,-1599.1,-1456.8,-1485,-1573.3,-1733.9,-1987.2,-2353.6,-2817.5,-3257,-3446.4,-3257,-2817.5,-2353.6,-1987.2,-1733.9,-1573.3,-1485,-1281.4,-1302.5,-1367.8,-1483.1,-1656.2,-1889.5,-2160.4,-2397.5,-2495,-2397.5,-2160.4,-1889.5,-1656.2,-1483.1,-1367.8,-1302.5,-1098.2,-1113.5,-1160.4,-1241,-1357.1,-1504.9,-1665.6,-1798,-1850.4,-1798,-1665.6,-1504.9,-1357.1,-1241,-1160.4,-1113.5,-932.59,-943.61,-976.97,-1033.1,-1111.4,-1206.6,-1305.1,-1382.7,-1412.6,-1382.7,-1305.1,-1206.6,-1111.4,-1033.1,-976.97,-943.61
929.18,940.29,973.96,1030.7,1110,1206.8,1307.3,1386.7,1417.4,1386.7,1307.3,1206.8,1110,1030.7,973.96,940.29,1093.3,1108.7,1155.9,1237.3,1354.8,1505,1669,1804.7,1858.6,1804.7,1669,1505,1354.8,1237.3,1155.9,1108.7,1274.4,1295.6,1361.2,1477.3,1652.3,1889.1,2165.8,2409.4,2509.8,2409.4,2165.8,1889.1,1652.3,1477.3,1361.2,1295.6,1447,1475.2,1563.8,1725.1,1980.4,2352,2826,3278.5,3474.3,3278.5,2826,2352,1980.4,1725.1,1563.8,1475.2,1551.2,1586.3,1697.7,1906.9,2256.8,2812.1,3601.9,4431.5,4808.5,4431.5,3601.9,2812.1,2256.8,1906.9,1697.7,1586.3,1480.7,1518.7,1640.8,1876.7,2294.1,3024.1,4197.5,5537.8,6154.6,5537.8,4197.5,3024.1,2294.1,1876.7,1640.8,1518.7,1113,1144.4,1246.4,1447.9,1822.9,2545,3849.8,5381.3,6034.9,5381.3,3849.8,2545,1822.9,1447.9,1246.4,1144.4,420.31,432.83,473.66,555.41,712.62,1036.2,1666.8,2386.7,2661.3,2386.7,1666.8,1036.2,712.62,555.41,473.66,432.83,-420.31,-432.83,-473.66,-555.41,-712.62,-1036.2,-1666.8,-2386.7,-2661.3,-2386.7,-1666.8,-1036.2,-712.62,-555.41,-473.66,-432.83,-1113,-1144.4,-1246.4,-1447.9,-1822.9,-2545,-3849.8,-5381.3,-6034.9,-5381.3,-3849.8,-2545,-1822.9,-1447.9,-1246.4,-1144.4,-1480.7,-1518.7,-1640.8,-1876.7,-2294.1,-3024.1,-4197.5,-5537.8,-6154.6,-5537.8,-4197.5,-3024.1,-2294.1,-1876.7,-1640.8,-1518.7,-1551.2,-1586.3,-1697.7,-1906.9,-2256.8,-2812.1,-3601.9,-4431.5,-4808.5,-4431.5,-3601.9,-2812.1,-2256.8,-1906.9,-1697.7,-1586.3,-1447,-1475.2,-1563.8,-1725.1,-1980.4,-2352,-2826,-3278.5,-3474.3,-3278.5,-2826,-2352,-1980.4,-1725.1,-1563.8,-1475.2,-1274.4,-1295.6,-1361.2,-1477.3,-1652.3,-1889.1,-2165.8,-2409.4,-2509.8,-2409.4,-2165.8,-1889.1,-1652.3,-1477.3,-1361.2,-1295.6,-1093.3,-1108.7,-1155.9,-1237.3,-1354.8,-1505,-1669,-1804.7,-1858.6,-1804.7,-1669,-1505,-1354.8,-1237.3,-1155.9,-1108.7,-929.18,-940.29,-973.96,-1030.7,-1110,-1206.8,-1307.3,-1386.7,-1417.4,-1386.7,-1307.3,-1206.8,-1110,-1030.7,-973.96,-940.29
925.78,936.98,970.94,1028.3,1108.6,1207,1309.5,1390.8,1422.3,1390.8,1309.5,1207,1108.6,1028.3,970.94,936.98,1088.4,1103.9,1151.5,1233.6,1352.5,1505.1,1672.4,1811.5,1866.9,1811.5,1672.4,1505.1,1352.5,1233.6,1151.5,1103.9,1267.4,1288.7,1354.6,1471.6,1648.3,1888.6,2171.1,2421.2,2524.7,2421.2,2171.1,1888.6,1648.3,1471.6,1354.6,1288.7,1437.3,1465.5,1554.3,1716.3,1973.5,2350.2,2834.3,3300,3502.5,3300,2834.3,2350.2,1973.5,1716.3,1554.3,1465.5,1538.6,1573.5,1684.8,1894.2,2245.6,2807.5,3614.6,4470.8,4862.1,4470.8,3614.6,2807.5,2245.6,1894.2,1684.8,1573.5,1466.3,1504.1,1625.6,1860.7,2278.4,3015.2,4215.8,5603.9,6245.5,5603.9,4215.8,3015.2,2278.4,1860.7,1625.6,1504.1,1100.7,1131.9,1233,1433,1806.8,2534.2,3872.7,5464.2,6142.2,5464.2,3872.7,2534.2,1806.8,1433,1233,1131.9,415.32,427.71,468.13,549.1,705.37,1031,1680,2429.4,2712.6,2429.4,1680,1031,705.37,549.1,468.13,427.71,-415.32,-427.71,-468.13,-549.1,-705.37,-1031,-1680,-2429.4,-2712.6,-2429.4,-1680,-1031,-705.37,-549.1,-468.13,-427.71,-1100.7,-1131.9,-1233,-1433,-1806.8,-2534.2,-3872.7,-5464.2,-6142.2,-5464.2,-3872.7,-2534.2,-1806.8,-1433,-1233,-1131.9,-1466.3,-1504.1,-1625.6,-1860.7,-2278.4,-3015.2,-4215.8,-5603.9,-6245.5,-5603.9,-4215.8,-3015.2,-2278.4,-1860.7,-1625.6,-1504.1,-1538.6,-1573.5,-1684.8,-1894.2,-2245.6,-2807.5,-3614.6,-4470.8,-4862.1,-4470.8,-3614.6,-2807.5,-2245.6,-1894.2,-1684.8,-1573.5,-1437.3,-1465.5,-1554.3,-1716.3,-1973.5,-2350.2,-2834.3,-3300,-3502.5,-3300,-2834.3,-2350.2,-1973.5,-1716.3,-1554.3,-1465.5,-1267.4,-1288.7,-1354.6,-1471.6,-1648.3,-1888.6,-2171.1,-2421.2,-2524.7,-2421.2,-2171.1,-1888.6,-1648.3,-1471.6,-1354.6,-1288.7,-1088.4,-1103.9,-1151.5,-1233.6,-1352.5,-1505.1,-1672.4,-1811.5,-1866.9,-1811.5,-1672.4,-1505.1,-1352.5,-1233.6,-1151.5,-1103.9,-925.78,-936.98,-970.94,-1028.3,-1108.6,-1207,-1309.5,-1390.8,-1422.3,-1390.8,-1309.5,-1207,-1108.6,-1028.3,-970.94,-936.98
922.39,933.68,967.93,1025.9,1107.2,1207.2,1311.7,1394.8,1427.1,1394.8,1311.7,1207.2,1107.2,1025.9,967.93,933.68,1083.6,1099.2,1147,1229.8,1350.1,1505.1,1675.8,1818.3,1875.2,1818.3,1675.8,1505.1,1350.1,1229.8,1147,1099.2,1260.5,1281.8,1348.1,1465.8,1644.2,1888.1,2176.4,2433.1,2539.7,2433.1,2176.4,1888.1,1644.2,1465.8,1348.1,1281.8,1427.7,1456,1544.9,1707.4,1966.6,2348.2,2842.5,3321.7,3530.9,3321.7,2842.5,2348.2,1966.6,1707.4,1544.9,1456,1526,1560.9,1672,1881.4,2234.3,2802.5,3627,4510.5,4916.5,4510.5,3627,2802.5,2234.3,1881.4,1672,1560.9,1452.2,1489.7,1610.6,1844.8,2262.5,3005.8,4233.6,5670.9,6337.9,5670.9,4233.6,3005.8,2262.5,1844.8,1610.6,1489.7,1088.6,1119.5,1219.8,1418.3,1790.6,2522.7,3895.3,5548.8,6251.6,5548.8,3895.3,2522.7,1790.6,1418.3,1219.8,1119.5,410.41,422.68,462.67,542.83,698.05,1025.4,1693.1,2473.2,2764.9,2473.2,1693.1,1025.4,698.05,542.83,462.67,422.68,-410.41,-422.68,-462.67,-542.83,-698.05,-1025.4,-1693.1,-2473.2,-2764.9,-2473.2,-1693.1,-1025.4,-698.05,-542.83,-462.67,-422.68,-1088.6,-1119.5,-1219.8,-1418.3,-1790.6,-2522.7,-3895.3,-5548.8,-6251.6,-5548.8,-3895.3,-2522.7,-1790.6,-1418.3,-1219.8,-1119.5,-1452.2,-1489.7,-1610.6,-1844.8,-2262.5,-3005.8,-4233.6,-5670.9,-6337.9,-5670.9,-4233.6,-3005.8,-2262.5,-1844.8,-1610.6,-1489.7,-1526,-1560.9,-1672,-1881.4,-2234.3,-2802.5,-3627,-4510.5,-4916.5,-4510.5,-3627,-2802.5,-2234.3,-1881.4,-1672,-1560.9,-1427.7,-1456,-1544.9,-1707.4,-1966.6,-2348.2,-2842.5,-3321.7,-3530.9,-3321.7,-2842.5,-2348.2,-1966.6,-1707.4,-1544.9,-1456,-1260.5,-1281.8,-1348.1,-1465.8,-1644.2,-1888.1,-2176.4,-2433.1,-2539.7,-2433.1,-2176.4,-1888.1,-1644.2,-1465.8,-1348.1,-1281.8,-1083.6,-1099.2,-1147,-1229.8,-1350.1,-1505.1,-1675.8,-1818.3,-1875.2,-1818.3,-1675.8,-1505.1,-1350.1,-1229.8,-1147,-1099.2,-922.39,-933.68,-967.93,-1025.9,-1107.2,-1207.2,-1311.7,-1394.8,-1427.1,-1394.8,-1311.7,-1207.2,-1107.2,-1025.9,-967.93,-933.68
919.01,930.39,964.93,1023.5,1105.8,1207.3,1313.9,1398.9,1432,1398.9,1313.9,1207.3,1105.8,1023.5,964.93,930.39,1078.8,1094.5,1142.6,1226.1,1347.8,1505,1679.1,1825.1,1883.5,1825.1,1679.1,1505,1347.8,1226.1,1142.6,1094.5,1253.6,1275,1341.6,1460,1640.1,1887.5,2181.6,2445,2554.7,2445,2181.6,1887.5,1640.1,1460,1341.6,1275,1418.1,1446.4,1535.5,1698.6,1959.5,2346.1,2850.6,3343.4,3559.6,3343.4,2850.6,2346.1,1959.5,1698.6,1535.5,1446.4,1513.7,1548.5,1659.4,1868.7,2222.9,2797.2,3639.2,4550.5,4971.5,4550.5,3639.2,2797.2,2222.9,1868.7,1659.4,1548.5,1438.2,1475.5,1595.7,1828.9,2246.5,2995.9,4251,5738.7,6431.9,5738.7,4251,2995.9,2246.5,1828.9,1595.7,1475.5,1076.6,1107.3,1206.7,1403.6,1774.2,2510.5,3917.4,5635.1,6363.2,5635.1,3917.4,2510.5,1774.2,1403.6,1206.7,1107.3,405.58,417.72,457.28,536.6,690.66,1019.5,1706.1,2518,2818.3,2518,1706.1,1019.5,690.66,536.6,457.28,417.72,-405.58,-417.72,-457.28,-536.6,-690.66,-1019.5,-1706.1,-2518,-2818.3,-2518,-1706.1,-1019.5,-690.66,-536.6,-457.28,-417.72,-1076.6,-1107.3,-1206.7,-1403.6,-1774.2,-2510.5,-3917.4,-5635.1,-6363.2,-5635.1,-3917.4,-2510.5,-1774.2,-1403.6,-1206.7,-1107.3,-1438.2,-1475.5,-1595.7,-1828.9,-2246.5,-2995.9,-4251,-5738.7,-6431.9,-5738.7,-4251,-2995.9,-2246.5,-1828.9,-1595.7,-1475.5,-1513.7,-1548.5,-1659.4,-1868.7,-2222.9,-2797.2,-3639.2,-4550.5,-4971.5,-4550.5,-3639.2,-2797.2,-2222.9,-1868.7,-1659.4,-1548.5,-1418.1,-1446.4,-1535.5,-1698.6,-1959.5,-2346.1,-2850.6,-3343.4,-3559.6,-3343.4,-2850.6,-2346.1,-1959.5,-1698.6,-1535.5,-1446.4,-1253.6,-1275,-1341.6,-1460,-1640.1,-1887.5,-2181.6,-2445,-2554.7,-2445,-2181.6,-1887.5,-1640.1,-1460,-1341.6,-1275,-1078.8,-1094.5,-1142.6,-1226.1,-1347.8,-1505,-1679.1,-1825.1,-1883.5,-1825.1,-1679.1,-1505,-1347.8,-1226.1,-1142.6,-1094.5,-919.01,-930.39,-964.93,-1023.5,-1105.8,-1207.3,-1313.9,-1398.9,-1432,-1398.9,-1313.9,-1207.3,-1105.8,-1023.5,-964.93,-930.39
915.64,927.1,961.92,1021,1104.3,1207.4,1316,1403,1436.8,1403,1316,1207.4,1104.3,1021,961.92,927.1,1074,1089.7,1138.2,1222.4,1345.3,1504.9,1682.4,1831.8,1891.8,1831.8,1682.4,1504.9,1345.3,1222.4,1138.2,1089.7,1246.8,1268.3,1335.1,1454.2,1636,1886.7,2186.8,2456.9,2569.9,2456.9,2186.8,1886.7,1636,1454.2,1335.1,1268.3,1408.7,1437,1526.1,1689.7,1952.4,2343.8,2858.6,3365.2,3588.6,3365.2,2858.6,2343.8,1952.4,1689.7,1526.1,1437,1501.4,1536.1,1646.8,1856,2211.4,2791.6,3651,4590.7,5027.3,4590.7,3651,2791.6,2211.4,1856,1646.8,1536.1,1424.3,1461.4,1581,1813.1,2230.4,2985.4,4267.9,5807.3,6527.7,5807.3,4267.9,2985.4,2230.4,1813.1,1581,1461.4,1064.9,1095.2,1193.7,1389,1757.7,2497.7,3939.2,5723.1,6477,5723.1,3939.2,2497.7,1757.7,1389,1193.7,1095.2,400.83,412.83,451.96,530.41,683.22,1013.3,1719,2564.1,2872.8,2564.1,1719,1013.3,683.22,530.41,451.96,412.83,-400.83,-412.83,-451.96,-530.41,-683.22,-1013.3,-1719,-2564.1,-2872.8,-2564.1,-1719,-1013.3,-683.22,-530.41,-451.96,-412.83,-1064.9,-1095.2,-1193.7,-1389,-1757.7,-2497.7,-3939.2,-5723.1,-6477,-5723.1,-3939.2,-2497.7,-1757.7,-1389,-1193.7,-1095.2,-1424.3,-1461.4,-1581,-1813.1,-2230.4,-2985.4,-4267.9,-5807.3,-6527.7,-5807.3,-4267.9,-2985.4,-2230.4,-1813.1,-1581,-1461.4,-1501.4,-1536.1,-1646.8,-1856,-2211.4,-2791.6,-3651,-4590.7,-5027.3,-4590.7,-3651,-2791.6,-2211.4,-1856,-1646.8,-1536.1,-1408.7,-1437,-1526.1,-1689.7,-1952.4,-2343.8,-2858.6,-3365.2,-3588.6,-3365.2,-2858.6,-2343.8,-1952.4,-1689.7,-1526.1,-1437,-1246.8,-1268.3,-1335.1,-1454.2,-1636,-1886.7,-2186.8,-2456.9,-2569.9,-2456.9,-2186.8,-1886.7,-1636,-1454.2,-1335.1,-1268.3,-1074,-1089.7,-1138.2,-1222.4,-1345.3,-1504.9,-1682.4,-1831.8,-1891.8,-1831.8,-1682.4,-1504.9,-1345.3,-1222.4,-1138.2,-1089.7,-915.64,-927.1,-961.92,-1021,-1104.3,-1207.4,-1316,-1403,-1436.8,-1403,-1316,-1207.4,-1104.3,-1021,-961.92,-927.1
